n,time (classical),T,depth,M tree,M total,T (first solution),depth (first solution),queries (detect),T-depth (detect),T-count (detect),queries (search),T-depth (search),T-count (search),queries (Grover),T-depth (Grover),T-count (Grover)
10,0.001,425,10,0,0,0,0,11183.462498935438,8387596.874201578,6911133788.167124,281985.22061076347,211488915.4580726,174260662662.5984,2060.7999999999997,65945.59999999999,27639449.599999998
10,0.001,427,10,0,0,0,0,11209.79804047109,8407348.530353319,6927408573.454244,281985.22061076347,211488915.4580726,174260662662.5984,2060.7999999999997,65945.59999999999,27639449.599999998
10,0.001,461,10,0,0,0,0,11648.413930771725,8736310.448078794,7198463544.110449,281985.22061076347,211488915.4580726,174260662662.5984,2060.7999999999997,65945.59999999999,27639449.599999998
10,0.001,449,10,0,0,0,0,11495.515645499794,8621636.734124845,7103975767.574672,281985.22061076347,211488915.4580726,174260662662.5984,2060.7999999999997,65945.59999999999,27639449.599999998
10,0.001,489,10,0,0,0,0,11997.615800986201,8998211.85073965,7414262617.46185,281985.22061076347,211488915.4580726,174260662662.5984,2060.7999999999997,65945.59999999999,27639449.599999998
10,0.001,463,10,0,0,0,0,11673.702664485272,8755276.998363955,7214091425.193279,281985.22061076347,211488915.4580726,174260662662.5984,2060.7999999999997,65945.59999999999,27639449.599999998
10,0.001,425,10,0,0,0,0,11183.462498935438,8387596.874201578,6911133788.167124,281985.22061076347,211488915.4580726,174260662662.5984,2060.7999999999997,65945.59999999999,27639449.599999998
10,0.001,451,10,0,0,0,0,11521.139324938356,8640854.493703768,7119810637.746756,281985.22061076347,211488915.4580726,174260662662.5984,2060.7999999999997,65945.59999999999,27639449.599999998
10,0.001,381,10,0,0,0,0,10587.55606576872,7930079.493260771,6542866134.8555565,281985.22061076347,211206930.23746184,174260380677.37778,2060.7999999999997,65945.59999999999,27639449.599999998
10,0.001,473,10,0,0,0,0,11799.334947513576,8849501.210635182,7291729412.194545,281985.22061076347,211488915.4580726,174260662662.5984,2060.7999999999997,65945.59999999999,27639449.599999998
10,0.001,419,10,0,0,0,0,11104.081895364654,8328061.421523491,6862078321.533658,281985.22061076347,211488915.4580726,174260662662.5984,2060.7999999999997,65945.59999999999,27639449.599999998
10,0.001,421,10,0,0,0,0,11130.604869463348,8347953.652097511,6878468936.021221,281985.22061076347,211488915.4580726,174260662662.5984,2060.7999999999997,65945.59999999999,27639449.599999998
10,0.001,461,10,0,0,0,0,11648.413930771725,8736310.448078794,7198463544.110449,281985.22061076347,211488915.4580726,174260662662.5984,2060.7999999999997,65945.59999999999,27639449.599999998
10,0.001,477,10,0,0,0,0,11849.215621657586,8886911.716243189,7322554571.440712,281985.22061076347,211488915.4580726,174260662662.5984,2060.7999999999997,65945.59999999999,27639449.599999998
10,0.001,407,10,0,0,0,0,10943.597058265754,8196754.196641049,6762891279.275896,281985.22061076347,211206930.23746184,174260380677.37778,2060.7999999999997,65945.59999999999,27639449.599999998
10,0.001,469,10,0,0,0,0,11749.242923728307,8811932.19279623,7260773643.519772,281985.22061076347,211488915.4580726,174260662662.5984,2060.7999999999997,65945.59999999999,27639449.599999998
10,0.001,477,10,0,0,0,0,11849.215621657586,8886911.716243189,7322554571.440712,281985.22061076347,211488915.4580726,174260662662.5984,2060.7999999999997,65945.59999999999,27639449.599999998
10,0.001,435,10,0,0,0,0,11314.528484192228,8485896.36314417,6992129683.604144,281985.22061076347,211488915.4580726,174260662662.5984,2060.7999999999997,65945.59999999999,27639449.599999998
10,0.001,497,10,0,0,0,0,12095.53970356074,9071654.777670555,7474777434.927059,281985.22061076347,211488915.4580726,174260662662.5984,2060.7999999999997,65945.59999999999,27639449.599999998
10,0.001,401,10,0,0,0,0,10862.46741322893,8135988.092508468,6712755024.624974,281985.22061076347,211206930.23746184,174260380677.37778,2060.7999999999997,65945.59999999999,27639449.599999998
10,0.001,425,10,0,0,0,0,11183.462498935438,8387596.874201578,6911133788.167124,281985.22061076347,211488915.4580726,174260662662.5984,2060.7999999999997,65945.59999999999,27639449.599999998
10,0.001,415,10,0,0,0,0,11050.845373230668,8288134.029923001,6829179322.058342,281985.22061076347,211488915.4580726,174260662662.5984,2060.7999999999997,65945.59999999999,27639449.599999998
10,0.001,423,10,0,0,0,0,11157.06492208706,8367798.691565295,6894820666.421517,281985.22061076347,211488915.4580726,174260662662.5984,2060.7999999999997,65945.59999999999,27639449.599999998
10,0.001,415,10,0,0,0,0,11050.845373230668,8288134.029923001,6829179322.058342,281985.22061076347,211488915.4580726,174260662662.5984,2060.7999999999997,65945.59999999999,27639449.599999998
10,0.001,465,10,0,0,0,0,11698.936840784532,8774202.6305884,7229685590.994344,281985.22061076347,211488915.4580726,174260662662.5984,2060.7999999999997,65945.59999999999,27639449.599999998
10,0.001,477,10,0,0,0,0,11849.215621657586,8886911.716243189,7322554571.440712,281985.22061076347,211488915.4580726,174260662662.5984,2060.7999999999997,65945.59999999999,27639449.599999998
10,0.001,461,10,0,0,0,0,11648.413930771725,8736310.448078794,7198463544.110449,281985.22061076347,211488915.4580726,174260662662.5984,2060.7999999999997,65945.59999999999,27639449.599999998
10,0.001,375,10,0,0,0,0,10503.682753409397,7867258.382303638,6491034356.903679,281985.22061076347,211206930.23746184,174260380677.37778,2060.7999999999997,65945.59999999999,27639449.599999998
10,0.001,453,10,0,0,0,0,11546.706255197365,8660029.691398025,7135610438.174357,281985.22061076347,211488915.4580726,174260662662.5984,2060.7999999999997,65945.59999999999,27639449.599999998
10,0.001,431,10,0,0,0,0,11262.284753781832,8446713.565336375,6959844207.572589,281985.22061076347,211488915.4580726,174260662662.5984,2060.7999999999997,65945.59999999999,27639449.599999998
11,0.001,647,11,0,0,0,0,14478.637680493068,10858978.2603698,10567059967.4557,467060.8670949125,350295650.3211844,340878769118.8168,2914.411309338474,93261.16189883117,42964251.52226778
11,0.001,627,11,0,0,0,0,14252.750227525135,10689562.670643851,10402198720.55649,467060.8670949125,350295650.3211844,340878769118.8168,2914.411309338474,93261.16189883117,42964251.52226778
11,0.001,677,11,0,0,0,0,14811.020753076866,11108265.56480765,10809645764.384113,467060.8670949125,350295650.3211844,340878769118.8168,2914.411309338474,93261.16189883117,42964251.52226778
11,0.001,573,11,0,0,0,0,13624.191185116815,10218143.388837611,9943452446.163286,467060.8670949125,350295650.3211844,340878769118.8168,2914.411309338474,93261.16189883117,42964251.52226778
11,0.001,675,11,0,0,0,0,14789.093930871297,11091820.448153473,10793642736.319246,467060.8670949125,350295650.3211844,340878769118.8168,2914.411309338474,93261.16189883117,42964251.52226778
11,0.001,649,11,0,0,0,0,14501.033203695786,10875774.90277184,10583405071.318926,467060.8670949125,350295650.3211844,340878769118.8168,2914.411309338474,93261.16189883117,42964251.52226778
11,0.001,587,11,0,0,0,0,13789.897699015186,10342423.274261389,10064391356.853846,467060.8670949125,350295650.3211844,340878769118.8168,2914.411309338474,93261.16189883117,42964251.52226778
11,0.001,615,11,0,0,0,0,14115.485564024048,10586614.173018036,10302017753.076183,467060.8670949125,350295650.3211844,340878769118.8168,2914.411309338474,93261.16189883117,42964251.52226778
11,0.001,617,11,0,0,0,0,14138.455402954813,10603841.552216109,10318782014.381735,467060.8670949125,350295650.3211844,340878769118.8168,2914.411309338474,93261.16189883117,42964251.52226778
11,0.001,681,11,0,0,0,0,14854.77745075646,11141083.088067345,10841581065.105194,467060.8670949125,350295650.3211844,340878769118.8168,2914.411309338474,93261.16189883117,42964251.52226778
11,0.001,657,11,0,0,0,0,14590.27207866543,10942704.058999073,10648534993.34902,467060.8670949125,350295650.3211844,340878769118.8168,2914.411309338474,93261.16189883117,42964251.52226778
11,0.001,591,11,0,0,0,0,13836.878535361757,10377658.901521318,10098679756.491354,467060.8670949125,350295650.3211844,340878769118.8168,2914.411309338474,93261.16189883117,42964251.52226778
11,0.001,631,11,0,0,0,0,14298.212753471911,10723659.565103933,10435378999.568432,467060.8670949125,350295650.3211844,340878769118.8168,2914.411309338474,93261.16189883117,42964251.52226778
11,0.001,677,11,0,0,0,0,14811.020753076866,11108265.56480765,10809645764.384113,467060.8670949125,350295650.3211844,340878769118.8168,2914.411309338474,93261.16189883117,42964251.52226778
11,0.001,725,11,0,0,0,0,15327.871433276521,11495903.574957391,11186863031.119669,467060.8670949125,350295650.3211844,340878769118.8168,2914.411309338474,93261.16189883117,42964251.52226778
11,0.001,607,11,0,0,0,0,14023.230586925141,10517422.940193856,10234686565.100271,467060.8670949125,350295650.3211844,340878769118.8168,2914.411309338474,93261.16189883117,42964251.52226778
11,0.001,683,11,0,0,0,0,14876.607610940593,11157455.708205445,10857513545.553661,467060.8670949125,350295650.3211844,340878769118.8168,2914.411309338474,93261.16189883117,42964251.52226778
11,0.001,743,11,0,0,0,0,15517.259313564771,11637944.48517358,11325085502.893486,467060.8670949125,350295650.3211844,340878769118.8168,2914.411309338474,93261.16189883117,42964251.52226778
11,0.001,583,11,0,0,0,0,13742.756523778002,10307067.392833501,10029985935.801088,467060.8670949125,350295650.3211844,340878769118.8168,2914.411309338474,93261.16189883117,42964251.52226778
11,0.001,563,11,0,0,0,0,13504.586695871669,10128440.021903751,9856160544.941587,467060.8670949125,350295650.3211844,340878769118.8168,2914.411309338474,93261.16189883117,42964251.52226778
11,0.001,597,11,0,0,0,0,13907.052701704504,10430289.526278378,10149895529.706612,467060.8670949125,350295650.3211844,340878769118.8168,2914.411309338474,93261.16189883117,42964251.52226778
11,0.001,531,11,0,0,0,0,13114.537076718147,9835902.80753861,9571487510.997818,467060.8670949125,350295650.3211844,340878769118.8168,2914.411309338474,93261.16189883117,42964251.52226778
11,0.001,635,11,0,0,0,0,14343.531415123449,10757648.561342586,10468454280.950867,467060.8670949125,350295650.3211844,340878769118.8168,2914.411309338474,93261.16189883117,42964251.52226778
11,0.001,711,11,0,0,0,0,15178.938631656709,11384203.973742532,11078166213.05107,467060.8670949125,350295650.3211844,340878769118.8168,2914.411309338474,93261.16189883117,42964251.52226778
11,0.001,745,11,0,0,0,0,15538.160130870634,11653620.098152975,11340339713.594362,467060.8670949125,350295650.3211844,340878769118.8168,2914.411309338474,93261.16189883117,42964251.52226778
11,0.001,623,11,0,0,0,0,14207.142458428227,10655356.84382117,10368912437.57434,467060.8670949125,350295650.3211844,340878769118.8168,2914.411309338474,93261.16189883117,42964251.52226778
11,0.001,663,11,0,0,0,0,14656.845234279097,10992633.925709322,10697122612.095787,467060.8670949125,350295650.3211844,340878769118.8168,2914.411309338474,93261.16189883117,42964251.52226778
11,0.001,627,11,0,0,0,0,14252.750227525135,10689562.670643851,10402198720.55649,467060.8670949125,350295650.3211844,340878769118.8168,2914.411309338474,93261.16189883117,42964251.52226778
11,0.001,635,11,0,0,0,0,14343.531415123449,10757648.561342586,10468454280.950867,467060.8670949125,350295650.3211844,340878769118.8168,2914.411309338474,93261.16189883117,42964251.52226778
11,0.001,655,11,0,0,0,0,14568.013527488125,10926010.145616094,10632289856.874878,467060.8670949125,350295650.3211844,340878769118.8168,2914.411309338474,93261.16189883117,42964251.52226778
12,0.002,969,12,0,0,0,0,18513.080640233813,13884810.48017536,15755557278.870987,532276.1604657004,399207120.34927535,452993626364.33435,4121.599999999999,131891.19999999998,66242355.19999999
12,0.002,1081,12,0,0,0,0,19555.001193699092,14666250.895274319,16642283765.897612,760658.4642350338,570493848.1762754,647358385987.2256,4121.599999999999,131891.19999999998,66242355.19999999
12,0.002,899,12,0,0,0,0,17831.029859578775,13373272.394684082,15175097961.994516,532276.1604657004,399207120.34927535,452993626364.33435,4121.599999999999,131891.19999999998,66242355.19999999
12,0.002,969,12,0,0,0,0,18513.080640233813,13884810.48017536,15755557278.870987,532276.1604657004,399207120.34927535,452993626364.33435,4121.599999999999,131891.19999999998,66242355.19999999
12,0.002,1191,12,0,0,0,0,20526.959510572233,15415746.592439746,17469489418.43201,760658.4642350338,571254506.6405104,647359146645.6898,4121.599999999999,131891.19999999998,66242355.19999999
12,0.002,947,12,0,0,0,0,18301.457549191346,13726093.16189351,15575455447.239294,532276.1604657004,399207120.34927535,452993626364.33435,4121.599999999999,131891.19999999998,66242355.19999999
12,0.002,873,12,0,0,0,0,17570.963766317123,13178222.824737843,14953768713.324188,532276.1604657004,399207120.34927535,452993626364.33435,4121.599999999999,131891.19999999998,66242355.19999999
12,0.002,975,12,0,0,0,0,18570.378008902106,13927783.506676579,15804320204.476137,532276.1604657004,399207120.34927535,452993626364.33435,4121.599999999999,131891.19999999998,66242355.19999999
12,0.002,855,12,0,0,0,0,17388.642661405065,13041481.996053798,14798604336.988781,532276.1604657004,399207120.34927535,452993626364.33435,4121.599999999999,131891.19999999998,66242355.19999999
12,0.002,853,12,0,0,0,0,17368.266776025914,13026200.082019435,14781263439.736855,532276.1604657004,399207120.34927535,452993626364.33435,4121.599999999999,131891.19999999998,66242355.19999999
12,0.002,937,12,0,0,0,0,18204.453031192475,13653339.773394357,15492899752.196356,532276.1604657004,399207120.34927535,452993626364.33435,4121.599999999999,131891.19999999998,66242355.19999999
12,0.002,919,12,0,0,0,0,18028.531324580395,13521398.493435297,15343181583.784145,532276.1604657004,399207120.34927535,452993626364.33435,4121.599999999999,131891.19999999998,66242355.19999999
12,0.002,837,12,0,0,0,0,17204.39212203753,12903294.091528147,14641797915.460041,532276.1604657004,399207120.34927535,452993626364.33435,4121.599999999999,131891.19999999998,66242355.19999999
12,0.002,839,12,0,0,0,0,17224.96160188207,12918721.201411553,14659303571.281736,532276.1604657004,399207120.34927535,452993626364.33435,4121.599999999999,131891.19999999998,66242355.19999999
12,0.002,947,12,0,0,0,0,18301.457549191346,13726093.16189351,15575455447.239294,532276.1604657004,399207120.34927535,452993626364.33435,4121.599999999999,131891.19999999998,66242355.19999999
12,0.002,983,12,0,0,0,0,18646.500961626014,13984875.72121951,15869104643.391819,532276.1604657004,399207120.34927535,452993626364.33435,4121.599999999999,131891.19999999998,66242355.19999999
12,0.002,951,12,0,0,0,0,18340.115875559655,13755086.906669741,15608355615.895044,532276.1604657004,399207120.34927535,452993626364.33435,4121.599999999999,131891.19999999998,66242355.19999999
12,0.002,1087,12,0,0,0,0,19609.257919586245,14706943.439689685,16688458952.463875,760658.4642350338,570493848.1762754,647358385987.2256,4121.599999999999,131891.19999999998,66242355.19999999
12,0.002,1003,12,0,0,0,0,18835.464070324822,14126598.052743617,16029921697.04994,532276.1604657004,399207120.34927535,452993626364.33435,4121.599999999999,131891.19999999998,66242355.19999999
12,0.001,713,12,0,0,0,0,15877.199795155475,11907899.846366607,13512290885.667067,532276.1604657004,399207120.34927535,452993626364.33435,4121.599999999999,131891.19999999998,66242355.19999999
12,0.002,1173,12,0,0,0,0,20371.081863230287,15298682.479285946,17336829590.784,760658.4642350338,571254506.6405104,647359146645.6898,4121.599999999999,131891.19999999998,66242355.19999999
12,0.002,951,12,0,0,0,0,18340.115875559655,13755086.906669741,15608355615.895044,532276.1604657004,399207120.34927535,452993626364.33435,4121.599999999999,131891.19999999998,66242355.19999999
12,0.002,827,12,0,0,0,0,17101.174107344614,12825880.580508461,14553954224.055634,532276.1604657004,399207120.34927535,452993626364.33435,4121.599999999999,131891.19999999998,66242355.19999999
12,0.002,791,12,0,0,0,0,16724.322686764383,12543242.015073286,14233234822.570827,532276.1604657004,399207120.34927535,452993626364.33435,4121.599999999999,131891.19999999998,66242355.19999999
12,0.002,905,12,0,0,0,0,17890.5089389936,13417881.7042452,15225717632.530504,532276.1604657004,399207120.34927535,452993626364.33435,4121.599999999999,131891.19999999998,66242355.19999999
12,0.002,1059,12,0,0,0,0,19354.760183038416,14516070.137278812,16471868653.774843,760658.4642350338,570493848.1762754,647358385987.2256,4121.599999999999,131891.19999999998,66242355.19999999
12,0.002,1001,12,0,0,0,0,18816.653048773853,14112489.78658039,16013912577.158987,532276.1604657004,399207120.34927535,452993626364.33435,4121.599999999999,131891.19999999998,66242355.19999999
12,0.002,981,12,0,0,0,0,18627.499351561535,13970624.513671152,15852933323.146444,532276.1604657004,399207120.34927535,452993626364.33435,4121.599999999999,131891.19999999998,66242355.19999999
12,0.001,675,12,0,0,0,0,15447.704306794349,11585778.23009576,13146768750.29733,532276.1604657004,399207120.34927535,452993626364.33435,4121.599999999999,131891.19999999998,66242355.19999999
12,0.002,883,12,0,0,0,0,17671.44154185909,13253581.156394318,15039280324.199179,532276.1604657004,399207120.34927535,452993626364.33435,4121.599999999999,131891.19999999998,66242355.19999999
13,0.003,1251,13,0,0,0,0,21898.199010765515,16445547.457084902,21495600621.95259,857806.2980924004,644212529.8673927,842035529301.9717,5828.822618676948,198179.96903501623,101433171.21021625
13,0.004,1641,13,0,0,0,0,25083.668652644006,18837835.15813565,24622505404.465145,857806.2980924004,644212529.8673927,842035529301.9717,5828.822618676948,198179.96903501623,101433171.21021625
13,0.003,1467,13,0,0,0,0,23715.330965251967,17810213.554904226,23279324605.45581,857806.2980924004,644212529.8673927,842035529301.9717,5828.822618676948,198179.96903501623,101433171.21021625
13,0.003,1383,13,0,0,0,0,23025.698070801398,17292299.25117185,22602370611.769714,857806.2980924004,644212529.8673927,842035529301.9717,5828.822618676948,198179.96903501623,101433171.21021625
13,0.003,1537,13,0,0,0,0,24275.077816223216,18230583.439983636,23828780510.571953,857806.2980924004,644212529.8673927,842035529301.9717,5828.822618676948,198179.96903501623,101433171.21021625
13,0.003,1211,13,0,0,0,0,21544.898925080834,16180219.092735706,21148795958.343224,857806.2980924004,644212529.8673927,842035529301.9717,5828.822618676948,198179.96903501623,101433171.21021625
13,0.003,1317,13,0,0,0,0,22469.014681087945,16874230.025497045,22055921846.176144,857806.2980924004,644212529.8673927,842035529301.9717,5828.822618676948,198179.96903501623,101433171.21021625
13,0.003,1203,13,0,0,0,0,21473.542132098515,16126630.141205985,21078751059.999886,857806.2980924004,644212529.8673927,842035529301.9717,5828.822618676948,198179.96903501623,101433171.21021625
13,0.003,1419,13,0,0,0,0,23323.749550704906,17516135.912579384,22894942415.215195,857806.2980924004,644212529.8673927,842035529301.9717,5828.822618676948,198179.96903501623,101433171.21021625
13,0.003,1317,13,0,0,0,0,22469.014681087945,16874230.025497045,22055921846.176144,857806.2980924004,644212529.8673927,842035529301.9717,5828.822618676948,198179.96903501623,101433171.21021625
13,0.003,1381,13,0,0,0,0,23009.02656427805,17279778.949772816,22586005610.8938,857806.2980924004,644212529.8673927,842035529301.9717,5828.822618676948,198179.96903501623,101433171.21021625
13,0.003,1499,13,0,0,0,0,23972.83544362455,18003599.418162037,23532094863.99351,857806.2980924004,644212529.8673927,842035529301.9717,5828.822618676948,198179.96903501623,101433171.21021625
13,0.003,1467,13,0,0,0,0,23715.330965251967,17810213.554904226,23279324605.45581,857806.2980924004,644212529.8673927,842035529301.9717,5828.822618676948,198179.96903501623,101433171.21021625
13,0.003,1327,13,0,0,0,0,22554.242965451893,16938236.46705437,22139583208.53206,857806.2980924004,644212529.8673927,842035529301.9717,5828.822618676948,198179.96903501623,101433171.21021625
13,0.003,1371,13,0,0,0,0,22925.487360844483,17217041.00799421,22504002275.71536,857806.2980924004,644212529.8673927,842035529301.9717,5828.822618676948,198179.96903501623,101433171.21021625
13,0.003,1245,13,0,0,0,0,21845.56787184576,16406021.471756166,21443937106.521877,857806.2980924004,644212529.8673927,842035529301.9717,5828.822618676948,198179.96903501623,101433171.21021625
13,0.003,1383,13,0,0,0,0,23025.698070801398,17292299.25117185,22602370611.769714,857806.2980924004,644212529.8673927,842035529301.9717,5828.822618676948,198179.96903501623,101433171.21021625
13,0.003,1273,13,0,0,0,0,22090.10815295947,16589671.222872563,21683981514.56731,857806.2980924004,644212529.8673927,842035529301.9717,5828.822618676948,198179.96903501623,101433171.21021625
13,0.003,1241,13,0,0,0,0,21810.409961863865,16379617.881359762,21409425574.714996,857806.2980924004,644212529.8673927,842035529301.9717,5828.822618676948,198179.96903501623,101433171.21021625
13,0.003,1429,13,0,0,0,0,23405.868732615138,17577807.41819397,22975551835.966007,857806.2980924004,644212529.8673927,842035529301.9717,5828.822618676948,198179.96903501623,101433171.21021625
13,0.003,1347,13,0,0,0,0,22723.741545429926,17065529.900617875,22305965557.117195,857806.2980924004,644212529.8673927,842035529301.9717,5828.822618676948,198179.96903501623,101433171.21021625
13,0.003,1657,13,0,0,0,0,25205.76714475938,18929531.125714295,24742359115.80298,857806.2980924004,644212529.8673927,842035529301.9717,5828.822618676948,198179.96903501623,101433171.21021625
13,0.003,1363,13,0,0,0,0,22858.436400397197,17166685.736698296,22438184047.175896,857806.2980924004,644212529.8673927,842035529301.9717,5828.822618676948,198179.96903501623,101433171.21021625
13,0.003,1563,13,0,0,0,0,24479.727233531426,18384275.152382102,24029667448.342953,857806.2980924004,644212529.8673927,842035529301.9717,5828.822618676948,198179.96903501623,101433171.21021625
13,0.003,1337,13,0,0,0,0,22639.150723790925,17002002.193566985,22222929937.734028,857806.2980924004,644212529.8673927,842035529301.9717,5828.822618676948,198179.96903501623,101433171.21021625
13,0.003,1441,13,0,0,0,0,23504.033401987534,17651529.084892638,23071911747.891994,857806.2980924004,644212529.8673927,842035529301.9717,5828.822618676948,198179.96903501623,101433171.21021625
13,0.003,1233,13,0,0,0,0,21739.923750208745,16326682.736406768,21340235252.061157,857806.2980924004,644212529.8673927,842035529301.9717,5828.822618676948,198179.96903501623,101433171.21021625
13,0.003,1381,13,0,0,0,0,23009.02656427805,17279778.949772816,22586005610.8938,857806.2980924004,644212529.8673927,842035529301.9717,5828.822618676948,198179.96903501623,101433171.21021625
13,0.003,1371,13,0,0,0,0,22925.487360844483,17217041.00799421,22504002275.71536,857806.2980924004,644212529.8673927,842035529301.9717,5828.822618676948,198179.96903501623,101433171.21021625
13,0.003,1387,13,0,0,0,0,23059.004959744554,17317312.72476816,22635065153.55965,857806.2980924004,644212529.8673927,842035529301.9717,5828.822618676948,198179.96903501623,101433171.21021625
14,0.005,2379,14,0,0,0,0,31347.640334670716,23542077.891337708,35157350412.183586,1365945.6830964186,1025825208.0054104,1531950427908.8096,8243.199999999999,280268.8,154411622.39999998
14,0.005,2167,14,0,0,0,0,29917.275273238512,22467873.730202124,33553151654.470463,1365945.6830964186,1025825208.0054104,1531950427908.8096,8243.199999999999,280268.8,154411622.39999998
14,0.005,1969,14,0,0,0,0,28516.69871304493,21416040.733496744,31982361624.339993,958775.336394306,720040277.6321238,1075296261801.6425,8243.199999999999,280268.8,154411622.39999998
14,0.005,2165,14,0,0,0,0,29903.455742839727,22457495.262872636,33537652622.722782,1365945.6830964186,1025825208.0054104,1531950427908.8096,8243.199999999999,280268.8,154411622.39999998
14,0.005,1995,14,0,0,0,0,28704.507619881282,21557085.22253084,32192995135.433075,958775.336394306,720040277.6321238,1075296261801.6425,8243.199999999999,280268.8,154411622.39999998
14,0.004,1925,14,0,0,0,0,28196.020894249014,21175211.69158101,31622711509.54799,958775.336394306,720040277.6321238,1075296261801.6425,8243.199999999999,280268.8,154411622.39999998
14,0.004,1871,14,0,0,0,0,27797.410264462244,20875855.108611144,31175657331.312603,958775.336394306,720040277.6321238,1075296261801.6425,8243.199999999999,280268.8,154411622.39999998
14,0.005,2349,14,0,0,0,0,31149.21717122488,23393062.095589884,34934812683.26101,1365945.6830964186,1025825208.0054104,1531950427908.8096,8243.199999999999,280268.8,154411622.39999998
14,0.005,2003,14,0,0,0,0,28762.0484537883,21600298.38879501,32257528964.425644,958775.336394306,720040277.6321238,1075296261801.6425,8243.199999999999,280268.8,154411622.39999998
14,0.004,1979,14,0,0,0,0,28589.07879859716,21470398.177746467,32063538134.06947,958775.336394306,720040277.6321238,1075296261801.6425,8243.199999999999,280268.8,154411622.39999998
14,0.004,2035,14,0,0,0,0,28991.070659480927,21772294.065270178,32514384467.798306,958775.336394306,720040277.6321238,1075296261801.6425,8243.199999999999,280268.8,154411622.39999998
14,0.005,2289,14,0,0,0,0,30748.532625065774,23092148.0014244,34485432543.522644,1365945.6830964186,1025825208.0054104,1531950427908.8096,8243.199999999999,280268.8,154411622.39999998
14,0.004,1919,14,0,0,0,0,28152.009315040355,21142158.995595306,31573351159.106525,958775.336394306,720040277.6321238,1075296261801.6425,8243.199999999999,280268.8,154411622.39999998
14,0.005,2047,14,0,0,0,0,29076.489289131074,21836443.456137437,32610184108.928463,958775.336394306,720040277.6321238,1075296261801.6425,8243.199999999999,280268.8,154411622.39999998
14,0.006,2465,14,0,0,0,0,31909.620777204433,23964125.20368053,35787628899.87887,1365945.6830964186,1025825208.0054104,1531950427908.8096,8243.199999999999,280268.8,154411622.39999998
14,0.004,1959,14,0,0,0,0,28444.134595628435,21361545.081316955,31900978717.169754,958775.336394306,720040277.6321238,1075296261801.6425,8243.199999999999,280268.8,154411622.39999998
14,0.004,1921,14,0,0,0,0,28166.687476305262,21153182.294705253,31589813171.988117,958775.336394306,720040277.6321238,1075296261801.6425,8243.199999999999,280268.8,154411622.39999998
14,0.004,1779,14,0,0,0,0,27104.80938929759,20355711.85136249,30398883979.188313,958775.336394306,720040277.6321238,1075296261801.6425,8243.199999999999,280268.8,154411622.39999998
14,0.006,2509,14,0,0,0,0,32193.35504060106,24177209.635491397,36105845672.04035,1365945.6830964186,1025825208.0054104,1531950427908.8096,8243.199999999999,280268.8,154411622.39999998
14,0.005,2281,14,0,0,0,0,30694.71312547348,23051729.557230584,34425072306.3254,1365945.6830964186,1025825208.0054104,1531950427908.8096,8243.199999999999,280268.8,154411622.39999998
14,0.005,2077,14,0,0,0,0,29288.946856623414,21995999.089324184,32848461857.055714,1365945.6830964186,1025825208.0054104,1531950427908.8096,8243.199999999999,280268.8,154411622.39999998
14,0.004,1845,14,0,0,0,0,27603.435453457172,20730180.025546335,30958108567.551277,958775.336394306,720040277.6321238,1075296261801.6425,8243.199999999999,280268.8,154411622.39999998
14,0.005,2175,14,0,0,0,0,29972.489725522057,22509339.783867065,33615076374.354477,1365945.6830964186,1025825208.0054104,1531950427908.8096,8243.199999999999,280268.8,154411622.39999998
14,0.004,1889,14,0,0,0,0,27930.912038663795,20976114.94103651,31325383709.634644,958775.336394306,720040277.6321238,1075296261801.6425,8243.199999999999,280268.8,154411622.39999998
14,0.004,1937,14,0,0,0,0,28283.838765304892,21241162.912743974,31721201974.29116,958775.336394306,720040277.6321238,1075296261801.6425,8243.199999999999,280268.8,154411622.39999998
14,0.004,1793,14,0,0,0,0,27211.341428169668,20435717.41255542,30518362963.276554,958775.336394306,720040277.6321238,1075296261801.6425,8243.199999999999,280268.8,154411622.39999998
14,0.004,1815,14,0,0,0,0,27377.91210574523,20560811.991414666,30705177141.868553,958775.336394306,720040277.6321238,1075296261801.6425,8243.199999999999,280268.8,154411622.39999998
14,0.005,2329,14,0,0,0,0,31016.230375099523,23293189.011699744,34785663868.81574,1365945.6830964186,1025825208.0054104,1531950427908.8096,8243.199999999999,280268.8,154411622.39999998
14,0.005,2197,14,0,0,0,0,30123.808041226453,22622979.838961065,33784784556.284744,1365945.6830964186,1025825208.0054104,1531950427908.8096,8243.199999999999,280268.8,154411622.39999998
14,0.005,2243,14,0,0,0,0,30437.771946636913,22858766.73192432,34136904809.083645,1365945.6830964186,1025825208.0054104,1531950427908.8096,8243.199999999999,280268.8,154411622.39999998
15,0.007,3043,15,0,0,0,0,36701.70184504751,27562978.085630678,46640486002.98453,1515004.1199615784,1137768094.0911453,1925265720643.054,11657.645237353896,396359.93807003245,233875678.75179386
15,0.008,3333,15,0,0,0,0,38411.81972853485,28885688.43585821,48813740511.02209,1515004.1199615784,1139283098.211107,1925267235647.1738,11657.645237353896,396359.93807003245,233875678.75179386
15,0.009,3669,15,0,0,0,0,40302.609570248234,30307562.396826673,51216556241.87146,1515004.1199615784,1139283098.211107,1925267235647.1738,11657.645237353896,396359.93807003245,233875678.75179386
15,0.007,2819,15,0,0,0,0,35324.19384207967,26528469.575401835,44889950210.32101,1515004.1199615784,1137768094.0911453,1925265720643.054,11657.645237353896,396359.93807003245,233875678.75179386
15,0.006,2633,15,0,0,0,0,34138.18523461192,25637777.111193553,43382771657.959595,1515004.1199615784,1137768094.0911453,1925265720643.054,11657.645237353896,396359.93807003245,233875678.75179386
15,0.006,2527,15,0,0,0,0,33443.49138220596,25116062.028036676,42499955405.01595,1515004.1199615784,1137768094.0911453,1925265720643.054,11657.645237353896,396359.93807003245,233875678.75179386
15,0.007,2637,15,0,0,0,0,34164.123699828284,25657256.89857104,43415734233.61808,1515004.1199615784,1137768094.0911453,1925265720643.054,11657.645237353896,396359.93807003245,233875678.75179386
15,0.006,2681,15,0,0,0,0,34448.158661121335,25870567.154502124,43776685578.39433,1515004.1199615784,1137768094.0911453,1925265720643.054,11657.645237353896,396359.93807003245,233875678.75179386
15,0.007,3071,15,0,0,0,0,36870.27414644699,27726446.158128135,46854744385.30483,1515004.1199615784,1139283098.211107,1925267235647.1738,11657.645237353896,396359.93807003245,233875678.75179386
15,0.007,3037,15,0,0,0,0,36665.47844019694,27535774.3085879,46594453336.32383,1515004.1199615784,1137768094.0911453,1925265720643.054,11657.645237353896,396359.93807003245,233875678.75179386
15,0.007,3195,15,0,0,0,0,37607.73257984248,28281014.900041543,47791906562.46382,1515004.1199615784,1139283098.211107,1925267235647.1738,11657.645237353896,396359.93807003245,233875678.75179386
15,0.007,3017,15,0,0,0,0,36544.47460636737,27444900.429381892,46440681785.29704,1515004.1199615784,1137768094.0911453,1925265720643.054,11657.645237353896,396359.93807003245,233875678.75179386
15,0.007,3039,15,0,0,0,0,36677.55688097577,27544845.217612803,46609802606.787125,1515004.1199615784,1137768094.0911453,1925265720643.054,11657.645237353896,396359.93807003245,233875678.75179386
15,0.007,2775,15,0,0,0,0,35047.25463176329,26320488.22845423,44538016138.79015,1515004.1199615784,1137768094.0911453,1925265720643.054,11657.645237353896,396359.93807003245,233875678.75179386
15,0.007,3075,15,0,0,0,0,36894.29306813795,27744508.38723974,46885267630.98971,1515004.1199615784,1139283098.211107,1925267235647.1738,11657.645237353896,396359.93807003245,233875678.75179386
15,0.006,2493,15,0,0,0,0,33217.58992327253,24946410.032377668,42212880056.90481,1515004.1199615784,1137768094.0911453,1925265720643.054,11657.645237353896,396359.93807003245,233875678.75179386
15,0.006,2607,15,0,0,0,0,33969.10276098191,25510796.173497412,43167901819.55305,1515004.1199615784,1137768094.0911453,1925265720643.054,11657.645237353896,396359.93807003245,233875678.75179386
15,0.007,3043,15,0,0,0,0,36701.70184504751,27562978.085630678,46640486002.98453,1515004.1199615784,1137768094.0911453,1925265720643.054,11657.645237353896,396359.93807003245,233875678.75179386
15,0.006,2303,15,0,0,0,0,31925.80956056402,23976282.97998358,40571286863.755196,1515004.1199615784,1137768094.0911453,1925265720643.054,11657.645237353896,396359.93807003245,233875678.75179386
15,0.008,3205,15,0,0,0,0,37666.57627886461,28325265.361706186,47866685135.181145,1515004.1199615784,1139283098.211107,1925267235647.1738,11657.645237353896,396359.93807003245,233875678.75179386
15,0.008,3289,15,0,0,0,0,38157.28306589851,28694276.86555568,48490275320.14383,1515004.1199615784,1139283098.211107,1925267235647.1738,11657.645237353896,396359.93807003245,233875678.75179386
15,0.007,2843,15,0,0,0,0,35474.34094144124,26641230.04702237,45080756994.04259,1515004.1199615784,1137768094.0911453,1925265720643.054,11657.645237353896,396359.93807003245,233875678.75179386
15,0.008,3477,15,0,0,0,0,39233.31128857074,29503450.089005195,49857691985.51569,1515004.1199615784,1139283098.211107,1925267235647.1738,11657.645237353896,396359.93807003245,233875678.75179386
15,0.008,3215,15,0,0,0,0,37725.32824993831,28369446.843953613,47941347140.02161,1515004.1199615784,1139283098.211107,1925267235647.1738,11657.645237353896,396359.93807003245,233875678.75179386
15,0.008,3267,15,0,0,0,0,38029.376255704665,28598090.944289908,48327731345.74949,1515004.1199615784,1139283098.211107,1925267235647.1738,11657.645237353896,396359.93807003245,233875678.75179386
15,0.007,2937,15,0,0,0,0,36056.40124793416,27078357.337198555,45820438649.47349,1515004.1199615784,1137768094.0911453,1925265720643.054,11657.645237353896,396359.93807003245,233875678.75179386
15,0.006,2409,15,0,0,0,0,32652.78558405881,24522241.973628167,41495127267.43635,1515004.1199615784,1137768094.0911453,1925265720643.054,11657.645237353896,396359.93807003245,233875678.75179386
15,0.006,2671,15,0,0,0,0,34383.811154994626,25822242.177400965,43694912831.95602,1515004.1199615784,1137768094.0911453,1925265720643.054,11657.645237353896,396359.93807003245,233875678.75179386
15,0.008,3255,15,0,0,0,0,37959.42735797745,28545489.373199046,48238840286.517746,1515004.1199615784,1139283098.211107,1925267235647.1738,11657.645237353896,396359.93807003245,233875678.75179386
15,0.006,2631,15,0,0,0,0,34125.20861357913,25628031.66879793,43366280980.92775,1515004.1199615784,1137768094.0911453,1925265720643.054,11657.645237353896,396359.93807003245,233875678.75179386
16,0.012,5099,16,0,0,0,0,49074.9782496839,36904383.6437623,80047767422.3634,2372837.192927164,1784373569.0812273,3870410676173.671,16486.399999999998,560537.6,352677068.79999995
16,0.011,4467,16,0,0,0,0,45931.62010274312,34540578.31726283,74920535361.4276,2372837.192927164,1784373569.0812273,3870410676173.671,16486.399999999998,560537.6,352677068.79999995
16,0.009,3711,16,0,0,0,0,41862.80310360959,31480827.933914416,68283757751.996925,1669126.447213476,1255183088.304534,2722565560096.2114,16486.399999999998,560537.6,352677068.79999995
16,0.009,3743,16,0,0,0,0,42043.00555829192,31616340.179835524,68577691742.30782,1669126.447213476,1255183088.304534,2722565560096.2114,16486.399999999998,560537.6,352677068.79999995
16,0.01,4095,16,0,0,0,0,43976.549606616754,33070365.304175798,71731557312.94,1669126.447213476,1255183088.304534,2722565560096.2114,16486.399999999998,560537.6,352677068.79999995
16,0.01,4243,16,0,0,0,0,44764.59710920152,33662977.02611954,73016966811.92609,2372837.192927164,1784373569.0812273,3870410676173.671,16486.399999999998,560537.6,352677068.79999995
16,0.01,3955,16,0,0,0,0,43217.882933319845,32499847.965856522,70494071824.79187,1669126.447213476,1255183088.304534,2722565560096.2114,16486.399999999998,560537.6,352677068.79999995
16,0.014,5901,16,0,0,0,0,52795.226382837136,39702010.239893526,86115983200.2899,2372837.192927164,1784373569.0812273,3870410676173.671,16486.399999999998,560537.6,352677068.79999995
16,0.012,4483,16,0,0,0,0,46013.84687058175,34602412.846677475,75054658073.70575,2372837.192927164,1784373569.0812273,3870410676173.671,16486.399999999998,560537.6,352677068.79999995
16,0.01,4061,16,0,0,0,0,43793.50971340008,32932719.30447686,71432995085.8377,1669126.447213476,1255183088.304534,2722565560096.2114,16486.399999999998,560537.6,352677068.79999995
16,0.011,4505,16,0,0,0,0,46126.66945881163,34687255.43302634,75238686607.69034,2372837.192927164,1784373569.0812273,3870410676173.671,16486.399999999998,560537.6,352677068.79999995
16,0.011,4651,16,0,0,0,0,46868.52333059633,35245129.54460844,76448748197.28224,2372837.192927164,1784373569.0812273,3870410676173.671,16486.399999999998,560537.6,352677068.79999995
16,0.01,3751,16,0,0,0,0,42087.93568337354,31650127.6338969,68650978707.092445,1669126.447213476,1255183088.304534,2722565560096.2114,16486.399999999998,560537.6,352677068.79999995
16,0.011,4505,16,0,0,0,0,46126.66945881163,34687255.43302634,75238686607.69034,2372837.192927164,1784373569.0812273,3870410676173.671,16486.399999999998,560537.6,352677068.79999995
16,0.009,3577,16,0,0,0,0,41099.62945479684,30906921.350007225,67038920791.86169,1669126.447213476,1255183088.304534,2722565560096.2114,16486.399999999998,560537.6,352677068.79999995
16,0.009,3819,16,0,0,0,0,42467.923599876056,31935878.547106795,69270789157.31303,1669126.447213476,1255183088.304534,2722565560096.2114,16486.399999999998,560537.6,352677068.79999995
16,0.012,4963,16,0,0,0,0,48415.78714133815,36408671.93028629,78972539711.42519,2372837.192927164,1784373569.0812273,3870410676173.671,16486.399999999998,560537.6,352677068.79999995
16,0.009,3865,16,0,0,0,0,42723.0588971616,32127740.290665526,69686948505.045,1669126.447213476,1255183088.304534,2722565560096.2114,16486.399999999998,560537.6,352677068.79999995
16,0.009,3503,16,0,0,0,0,40672.04157340318,30585375.263199188,66341468515.708275,1669126.447213476,1255183088.304534,2722565560096.2114,16486.399999999998,560537.6,352677068.79999995
16,0.011,4349,16,0,0,0,0,45320.592947930025,34081085.89684338,73923869416.343,2372837.192927164,1784373569.0812273,3870410676173.671,16486.399999999998,560537.6,352677068.79999995
16,0.01,4277,16,0,0,0,0,44943.68430001038,33797650.593607806,73309081659.64453,2372837.192927164,1784373569.0812273,3870410676173.671,16486.399999999998,560537.6,352677068.79999995
16,0.013,5739,16,0,0,0,0,52065.1743596797,39153011.11847913,84925171983.65308,2372837.192927164,1784373569.0812273,3870410676173.671,16486.399999999998,560537.6,352677068.79999995
16,0.01,4211,16,0,0,0,0,44595.38783304768,33535731.650451854,72740964146.89473,2372837.192927164,1784373569.0812273,3870410676173.671,16486.399999999998,560537.6,352677068.79999995
16,0.009,3923,16,0,0,0,0,43042.59688262982,32368032.855737623,70208157138.35774,1669126.447213476,1255183088.304534,2722565560096.2114,16486.399999999998,560537.6,352677068.79999995
16,0.012,4621,16,0,0,0,0,46717.04876326839,35131220.66997783,76201673183.32748,2372837.192927164,1784373569.0812273,3870410676173.671,16486.399999999998,560537.6,352677068.79999995
16,0.013,4929,16,0,0,0,0,48249.58287685903,36283686.32339799,78701438617.09682,2372837.192927164,1784373569.0812273,3870410676173.671,16486.399999999998,560537.6,352677068.79999995
16,0.011,4349,16,0,0,0,0,45320.592947930025,34081085.89684338,73923869416.343,2372837.192927164,1784373569.0812273,3870410676173.671,16486.399999999998,560537.6,352677068.79999995
16,0.012,5247,16,0,0,0,0,49782.42096436354,37436380.56520138,81201699872.44423,2372837.192927164,1784373569.0812273,3870410676173.671,16486.399999999998,560537.6,352677068.79999995
16,0.012,4811,16,0,0,0,0,47668.26303887691,35846533.80523544,77753229227.12938,2372837.192927164,1784373569.0812273,3870410676173.671,16486.399999999998,560537.6,352677068.79999995
16,0.011,4379,16,0,0,0,0,45476.71673866472,34198490.98747587,74178527927.37166,2372837.192927164,1784373569.0812273,3870410676173.671,16486.399999999998,560537.6,352677068.79999995
17,0.018,6825,17,0,0,0,0,58528.31979695822,44949749.60406391,106816056535.68225,2598867.6220485405,1995930333.7332792,4743016574002.492,23315.290474707792,839350.4570894805,529770030.1663104
17,0.018,6615,17,0,0,0,0,57620.49452495881,44252539.79516837,105159246363.87463,2598867.6220485405,1995930333.7332792,4743016574002.492,23315.290474707792,839350.4570894805,529770030.1663104
17,0.017,6879,17,0,0,0,0,58759.49449065814,45127291.76882545,107237957749.2748,2598867.6220485405,1995930333.7332792,4743016574002.492,23315.290474707792,839350.4570894805,529770030.1663104
17,0.016,6143,17,0,0,0,0,55525.92699026233,42643911.92852147,101336593586.89244,2598867.6220485405,1995930333.7332792,4743016574002.492,23315.290474707792,839350.4570894805,529770030.1663104
17,0.016,5763,17,0,0,0,0,53780.40523226081,41303351.2183763,98150960521.84341,2598867.6220485405,1995930333.7332792,4743016574002.492,23315.290474707792,839350.4570894805,529770030.1663104
17,0.015,5453,17,0,0,0,0,52313.32647638877,40176634.73386657,95473494845.85675,2598867.6220485405,1995930333.7332792,4743016574002.492,23315.290474707792,839350.4570894805,529770030.1663104
17,0.019,6969,17,0,0,0,0,59142.77844927388,45421653.84904234,107937463238.8352,2598867.6220485405,1995930333.7332792,4743016574002.492,23315.290474707792,839350.4570894805,529770030.1663104
17,0.016,6267,17,0,0,0,0,56083.76811211792,43072333.91010656,102354671485.1948,2598867.6220485405,1995930333.7332792,4743016574002.492,23315.290474707792,839350.4570894805,529770030.1663104
17,0.019,7169,17,0,0,0,0,59985.75646739042,46069060.96695584,109475925097.19447,2598867.6220485405,1995930333.7332792,4743016574002.492,23315.290474707792,839350.4570894805,529770030.1663104
17,0.013,4815,17,0,0,0,0,49156.455484611215,37752157.81218141,89712104265.99098,2598867.6220485405,1995930333.7332792,4743016574002.492,23315.290474707792,839350.4570894805,529770030.1663104
17,0.018,5893,17,0,0,0,0,54383.85984507813,41766804.36102,99252284500.78262,2598867.6220485405,1995930333.7332792,4743016574002.492,23315.290474707792,839350.4570894805,529770030.1663104
17,0.014,5215,17,0,0,0,0,51158.46020065158,39289697.43410041,93365826936.91556,2598867.6220485405,1995930333.7332792,4743016574002.492,23315.290474707792,839350.4570894805,529770030.1663104
17,0.016,6135,17,0,0,0,0,55489.74474604306,42616123.964961074,101270559833.36046,2598867.6220485405,1995930333.7332792,4743016574002.492,23315.290474707792,839350.4570894805,529770030.1663104
17,0.017,6035,17,0,0,0,0,55035.46049983896,42267233.663876325,100441476546.94211,2598867.6220485405,1995930333.7332792,4743016574002.492,23315.290474707792,839350.4570894805,529770030.1663104
17,0.017,6101,17,0,0,0,0,55335.70637926923,42497822.49927877,100989434884.77048,2598867.6220485405,1995930333.7332792,4743016574002.492,23315.290474707792,839350.4570894805,529770030.1663104
17,0.021,8055,17,0,0,0,0,63585.925132231554,48833990.50155383,116046348115.92682,2598867.6220485405,1995930333.7332792,4743016574002.492,23315.290474707792,839350.4570894805,529770030.1663104
17,0.022,7743,17,0,0,0,0,62341.85705749338,47878546.22015491,113775884069.35126,2598867.6220485405,1995930333.7332792,4743016574002.492,23315.290474707792,839350.4570894805,529770030.1663104
17,0.016,5927,17,0,0,0,0,54540.58543438247,41887169.61360574,99538313716.4819,2598867.6220485405,1995930333.7332792,4743016574002.492,23315.290474707792,839350.4570894805,529770030.1663104
17,0.019,7205,17,0,0,0,0,60136.238069878265,46184630.83766651,109750558837.14607,2598867.6220485405,1995930333.7332792,4743016574002.492,23315.290474707792,839350.4570894805,529770030.1663104
17,0.014,5225,17,0,0,0,0,51207.50794139733,39327366.09899315,93455340633.30424,2598867.6220485405,1995930333.7332792,4743016574002.492,23315.290474707792,839350.4570894805,529770030.1663104
17,0.017,6431,17,0,0,0,0,56813.14931410526,43632498.67323284,103685815519.02016,2598867.6220485405,1995930333.7332792,4743016574002.492,23315.290474707792,839350.4570894805,529770030.1663104
17,0.017,6169,17,0,0,0,0,55643.35686384112,42734098.07142998,101550906863.92969,2598867.6220485405,1995930333.7332792,4743016574002.492,23315.290474707792,839350.4570894805,529770030.1663104
17,0.018,6441,17,0,0,0,0,56857.32124133943,43666422.71334868,103766430699.72418,2598867.6220485405,1995930333.7332792,4743016574002.492,23315.290474707792,839350.4570894805,529770030.1663104
17,0.016,6315,17,0,0,0,0,56298.22327478286,43237035.47503324,102746059019.62352,2598867.6220485405,1995930333.7332792,4743016574002.492,23315.290474707792,839350.4570894805,529770030.1663104
17,0.016,6139,17,0,0,0,0,55507.83881506213,42630020.20996772,101303582088.33047,2598867.6220485405,1995930333.7332792,4743016574002.492,23315.290474707792,839350.4570894805,529770030.1663104
17,0.017,6387,17,0,0,0,0,56618.3835983849,43482918.6035596,103330361855.32759,2598867.6220485405,1995930333.7332792,4743016574002.492,23315.290474707792,839350.4570894805,529770030.1663104
17,0.018,6719,17,0,0,0,0,58071.85732783101,44599186.42777421,105982997922.72607,2598867.6220485405,1995930333.7332792,4743016574002.492,23315.290474707792,839350.4570894805,529770030.1663104
17,0.013,5105,17,0,0,0,0,50615.79970912794,38872934.17661026,92375454174.74918,2598867.6220485405,1995930333.7332792,4743016574002.492,23315.290474707792,839350.4570894805,529770030.1663104
17,0.016,6067,17,0,0,0,0,55181.2381953865,42379190.93405683,100707525506.2026,2598867.6220485405,1995930333.7332792,4743016574002.492,23315.290474707792,839350.4570894805,529770030.1663104
17,0.018,6785,17,0,0,0,0,58356.48909775479,44817783.62707568,106502460011.05362,2598867.6220485405,1995930333.7332792,4743016574002.492,23315.290474707792,839350.4570894805,529770030.1663104
18,0.023,8477,18,0,0,0,0,67122.68742658885,51617346.631046824,136290536016.37843,4019373.597793829,3090898296.7034545,8161213489738.839,32972.799999999996,1187020.7999999998,795139071.9999999
18,0.021,7353,18,0,0,0,0,62512.89562099522,48009903.83692433,126930434145.77094,2831656.06257681,2174711856.05899,5749587022068.21,32972.799999999996,1187020.7999999998,795139071.9999999
18,0.028,9741,18,0,0,0,0,71954.83095288377,55333265.00276762,146102053650.07095,4019373.597793829,3090898296.7034545,8161213489738.839,32972.799999999996,1187020.7999999998,795139071.9999999
18,0.019,7093,18,0,0,0,0,61397.32174188153,47153143.09776501,124665297082.59471,2831656.06257681,2174711856.05899,5749587022068.21,32972.799999999996,1187020.7999999998,795139071.9999999
18,0.03,9879,18,0,0,0,0,72462.889305196,55723961.87569573,147133650384.63202,4019373.597793829,3090898296.7034545,8161213489738.839,32972.799999999996,1187020.7999999998,795139071.9999999
18,0.017,6271,18,0,0,0,0,57728.805644481035,44335722.734961435,117216492539.33812,2831656.06257681,2174711856.05899,5749587022068.21,32972.799999999996,1187020.7999999998,795139071.9999999
18,0.018,6571,18,0,0,0,0,59094.06670876357,45384243.23233042,119988611442.00974,2831656.06257681,2174711856.05899,5749587022068.21,32972.799999999996,1187020.7999999998,795139071.9999999
18,0.028,10089,18,0,0,0,0,73229.26080538718,56313301.55934274,148689743958.2537,4019373.597793829,3090898296.7034545,8161213489738.839,32972.799999999996,1187020.7999999998,795139071.9999999
18,0.021,7871,18,0,0,0,0,64678.15275222838,49672821.3137114,131326919462.51166,2831656.06257681,2174711856.05899,5749587022068.21,32972.799999999996,1187020.7999999998,795139071.9999999
18,0.025,8899,18,0,0,0,0,68773.70180757357,52886976.69002408,139642869535.5221,4019373.597793829,3090898296.7034545,8161213489738.839,32972.799999999996,1187020.7999999998,795139071.9999999
18,0.029,10561,18,0,0,0,0,74923.17606135686,57615922.39118343,152129186374.1272,4019373.597793829,3090898296.7034545,8161213489738.839,32972.799999999996,1187020.7999999998,795139071.9999999
18,0.026,8675,17,0,0,0,0,67902.3313858865,52216892.83574672,137873578906.76956,4019373.597793829,3090898296.7034545,8161213489738.839,32972.799999999996,1187020.7999999998,795139071.9999999
18,0.026,9369,18,0,0,0,0,70567.07056647059,54266077.26561588,143284249206.03098,4019373.597793829,3090898296.7034545,8161213489738.839,32972.799999999996,1187020.7999999998,795139071.9999999
18,0.023,8259,18,0,0,0,0,66253.68469901379,50882829.84884259,134525986663.43712,4019373.597793829,3086878923.105661,8161209470365.24,32972.799999999996,1187020.7999999998,795139071.9999999
18,0.023,7785,18,0,0,0,0,64323.7142240589,49400612.52407724,130607243373.09644,2831656.06257681,2174711856.05899,5749587022068.21,32972.799999999996,1187020.7999999998,795139071.9999999
18,0.021,7397,18,0,0,0,0,62699.72207268602,48153386.55182286,127309779277.48264,2831656.06257681,2174711856.05899,5749587022068.21,32972.799999999996,1187020.7999999998,795139071.9999999
18,0.034,12189,18,0,0,0,0,80492.77088033057,61898940.80697421,163438075996.61392,4019373.597793829,3090898296.7034545,8161213489738.839,32972.799999999996,1187020.7999999998,795139071.9999999
18,0.027,9407,18,0,0,0,0,70710.07963920194,54376051.24254629,143574624694.93073,4019373.597793829,3090898296.7034545,8161213489738.839,32972.799999999996,1187020.7999999998,795139071.9999999
18,0.029,10671,18,0,0,0,0,75312.4721491703,57915291.08271196,152919640012.25366,4019373.597793829,3090898296.7034545,8161213489738.839,32972.799999999996,1187020.7999999998,795139071.9999999
18,0.034,9857,18,0,0,0,0,72382.1333595997,55661860.55353217,146969677940.53305,4019373.597793829,3090898296.7034545,8161213489738.839,32972.799999999996,1187020.7999999998,795139071.9999999
18,0.034,10845,18,0,0,0,0,75924.19314199637,58385704.526195206,154161720524.8362,4019373.597793829,3090898296.7034545,8161213489738.839,32972.799999999996,1187020.7999999998,795139071.9999999
18,0.019,6481,18,0,0,0,0,58687.822000149616,45072247.29611491,119163744560.99979,2831656.06257681,2174711856.05899,5749587022068.21,32972.799999999996,1187020.7999999998,795139071.9999999
18,0.036,12787,18,0,0,0,0,82444.19767528492,63399588.0122941,167400387609.5381,4019373.597793829,3090898296.7034545,8161213489738.839,32972.799999999996,1187020.7999999998,795139071.9999999
18,0.021,7189,18,0,0,0,0,61811.56969699405,47471285.52729143,125506414299.51611,2831656.06257681,2174711856.05899,5749587022068.21,32972.799999999996,1187020.7999999998,795139071.9999999
18,0.021,7453,18,0,0,0,0,62936.69939681125,48335385.13675104,127790954150.84454,2831656.06257681,2174711856.05899,5749587022068.21,32972.799999999996,1187020.7999999998,795139071.9999999
18,0.03,10229,18,0,0,0,0,73735.75150057815,56702792.9039446,149718157613.6274,4019373.597793829,3090898296.7034545,8161213489738.839,32972.799999999996,1187020.7999999998,795139071.9999999
18,0.027,9651,18,0,0,0,0,71621.54754108477,55076970.05909419,145425332014.19885,4019373.597793829,3090898296.7034545,8161213489738.839,32972.799999999996,1187020.7999999998,795139071.9999999
18,0.03,10823,18,0,0,0,0,75847.12148800075,58326436.424272574,154005228920.6194,4019373.597793829,3090898296.7034545,8161213489738.839,32972.799999999996,1187020.7999999998,795139071.9999999
18,0.016,5831,18,0,0,0,0,55665.911143277575,42751419.75803718,113027851267.26854,2831656.06257681,2174711856.05899,5749587022068.21,32972.799999999996,1187020.7999999998,795139071.9999999
18,0.032,9517,18,0,0,0,0,71122.4328327841,54693150.84841098,144411895071.55032,4019373.597793829,3090898296.7034545,8161213489738.839,32972.799999999996,1187020.7999999998,795139071.9999999
19,0.036,11645,19,0,0,0,0,80832.06097442097,62159854.889329724,181565702849.29315,4359080.083538608,3352132584.2411895,9791404915365.172,46630.580949415584,1678700.914178961,1186515132.2578795
19,0.033,10919,19,0,0,0,0,78271.0777862861,60190458.81765401,175813199363.25592,4359080.083538608,3352132584.2411895,9791404915365.172,46630.580949415584,1678700.914178961,1186515132.2578795
19,0.037,12597,19,0,0,0,0,84072.16119069314,64651491.95564302,188843645115.98563,4359080.083538608,3352132584.2411895,9791404915365.172,46630.580949415584,1678700.914178961,1186515132.2578795
19,0.051,17669,19,0,0,0,0,99573.3352305401,76571894.79228534,223662521754.85626,6180863.705145109,4753084189.256589,13883511682270.291,46630.580949415584,1678700.914178961,1186515132.2578795
19,0.041,13579,19,0,0,0,0,87288.47383604286,67124836.37991697,196068155526.784,4359080.083538608,3352132584.2411895,9791404915365.172,46630.580949415584,1678700.914178961,1186515132.2578795
19,0.044,14297,19,0,0,0,0,89567.06926887472,68877076.26776466,201186357095.3698,4359080.083538608,3352132584.2411895,9791404915365.172,46630.580949415584,1678700.914178961,1186515132.2578795
19,0.048,14111,19,0,0,0,0,88982.39103237163,68427458.70389378,199873047578.43243,4359080.083538608,3352132584.2411895,9791404915365.172,46630.580949415584,1678700.914178961,1186515132.2578795
19,0.039,12165,19,0,0,0,0,82617.60880518686,63532941.17118869,185576416456.68997,4359080.083538608,3352132584.2411895,9791404915365.172,46630.580949415584,1678700.914178961,1186515132.2578795
19,0.051,15891,19,0,0,0,0,94429.40184698245,72616210.0203295,212108172293.3086,4359080.083538608,3352132584.2411895,9791404915365.172,46630.580949415584,1678700.914178961,1186515132.2578795
19,0.034,10479,19,0,0,0,0,76677.36169286128,58964891.14181032,172233379930.76022,4359080.083538608,3352132584.2411895,9791404915365.172,46630.580949415584,1678700.914178961,1186515132.2578795
19,0.062,14873,19,0,0,0,0,91353.95767678022,70251193.45344399,205200081919.20282,4359080.083538608,3352132584.2411895,9791404915365.172,46630.580949415584,1678700.914178961,1186515132.2578795
19,0.043,11903,19,0,0,0,0,81722.8423975586,62844865.80372257,183566584098.97772,4359080.083538608,3352132584.2411895,9791404915365.172,46630.580949415584,1678700.914178961,1186515132.2578795
19,0.044,13693,19,0,0,0,0,87654.21116040114,67406088.38234848,196889677996.3935,4359080.083538608,3352132584.2411895,9791404915365.172,46630.580949415584,1678700.914178961,1186515132.2578795
19,0.03,10311,19,0,0,0,0,76060.04575509945,58490175.18567147,170846759315.51617,4359080.083538608,3352132584.2411895,9791404915365.172,46630.580949415584,1678700.914178961,1186515132.2578795
19,0.04,12855,19,0,0,0,0,84928.97466685426,65310381.51881093,190768227257.46005,4359080.083538608,3352132584.2411895,9791404915365.172,46630.580949415584,1678700.914178961,1186515132.2578795
19,0.042,13357,19,0,0,0,0,86571.81561836837,66573726.21052528,194458391388.3196,4359080.083538608,3352132584.2411895,9791404915365.172,46630.580949415584,1678700.914178961,1186515132.2578795
19,0.039,13433,19,0,0,0,0,86817.82385380898,66762906.5435791,195010977300.84042,4359080.083538608,3352132584.2411895,9791404915365.172,46630.580949415584,1678700.914178961,1186515132.2578795
19,0.042,13327,19,0,0,0,0,86474.5145004597,66498901.65085351,194239832741.56308,4359080.083538608,3352132584.2411895,9791404915365.172,46630.580949415584,1678700.914178961,1186515132.2578795
19,0.035,9579,19,0,0,0,0,73309.688258074,56375150.27045891,164668881552.48016,4359080.083538608,3352132584.2411895,9791404915365.172,46630.580949415584,1678700.914178961,1186515132.2578795
19,0.042,10165,19,0,0,0,0,75519.47199793537,58074473.9664123,169632517677.0104,4359080.083538608,3352132584.2411895,9791404915365.172,46630.580949415584,1678700.914178961,1186515132.2578795
19,0.044,13769,19,0,0,0,0,87897.1908124331,67592939.73476104,197435461077.60452,4359080.083538608,3352132584.2411895,9791404915365.172,46630.580949415584,1678700.914178961,1186515132.2578795
19,0.049,15195,19,0,0,0,0,92337.81432682113,71007779.21732545,207410029581.23456,4359080.083538608,3352132584.2411895,9791404915365.172,46630.580949415584,1678700.914178961,1186515132.2578795
19,0.039,12459,19,0,0,0,0,83610.26240478411,64296291.78927898,187806123905.9877,4359080.083538608,3352132584.2411895,9791404915365.172,46630.580949415584,1678700.914178961,1186515132.2578795
19,0.045,15467,19,0,0,0,0,93160.80504819288,71640659.08206032,209258638746.49628,4359080.083538608,3352132584.2411895,9791404915365.172,46630.580949415584,1678700.914178961,1186515132.2578795
19,0.039,12585,19,0,0,0,0,84032.09684010762,64620682.470042765,188753652211.1213,4359080.083538608,3352132584.2411895,9791404915365.172,46630.580949415584,1678700.914178961,1186515132.2578795
19,0.049,13675,19,0,0,0,0,87596.56465614506,67361758.22057554,196760191899.71494,4359080.083538608,3352132584.2411895,9791404915365.172,46630.580949415584,1678700.914178961,1186515132.2578795
19,0.047,12493,19,0,0,0,0,83724.30006385726,64383986.74910623,188062276322.13675,4359080.083538608,3352132584.2411895,9791404915365.172,46630.580949415584,1678700.914178961,1186515132.2578795
19,0.061,15509,19,0,0,0,0,93287.2375485691,71737885.67484964,209542632566.73386,4359080.083538608,3352132584.2411895,9791404915365.172,46630.580949415584,1678700.914178961,1186515132.2578795
19,0.048,14213,19,0,0,0,0,89303.4949238477,68674387.59643888,200594314029.401,4359080.083538608,3352132584.2411895,9791404915365.172,46630.580949415584,1678700.914178961,1186515132.2578795
19,0.056,16971,19,0,0,0,0,97586.27719564202,75043847.1634487,219199174113.34586,6180863.705145109,4753084189.256589,13883511682270.291,46630.580949415584,1678700.914178961,1186515132.2578795
20,0.066,19081,20,0,0,0,0,106165.16481990056,81641011.74650353,262532544963.02267,6675352.875895636,5133346361.563745,16507273190863.166,65945.59999999999,2374041.5999999996,1765693439.9999998
20,0.048,14669,20,0,0,0,0,93082.60994826128,71580527.05021292,230181100580.1469,4707856.170320295,3620341394.976307,11641911580043.777,65945.59999999999,2374041.5999999996,1765693439.9999998
20,0.066,20991,20,0,0,0,0,111353.12399761035,85630552.35416237,275361688386.84674,6675352.875895636,5133346361.563745,16507273190863.166,65945.59999999999,2374041.5999999996,1765693439.9999998
20,0.064,16189,20,0,0,0,0,97787.52459906464,75198606.41668071,241815738167.76437,4707856.170320295,3620341394.976307,11641911580043.777,65945.59999999999,2374041.5999999996,1765693439.9999998
20,0.084,25339,19,0,0,0,0,122345.67219890027,94083821.9209543,302544820064.8223,6675352.875895636,5133346361.563745,16507273190863.166,65945.59999999999,2374041.5999999996,1765693439.9999998
20,0.071,22097,20,0,0,0,0,114249.62044321948,87857958.12083578,282524344655.8037,6675352.875895636,5133346361.563745,16507273190863.166,65945.59999999999,2374041.5999999996,1765693439.9999998
20,0.062,17383,20,0,0,0,0,101330.3083595902,77923007.12852487,250576578302.87146,6675352.875895636,5133346361.563745,16507273190863.166,65945.59999999999,2374041.5999999996,1765693439.9999998
20,0.084,23969,20,0,0,0,0,118991.66434397978,91504589.88052045,294250798014.63293,6675352.875895636,5133346361.563745,16507273190863.166,65945.59999999999,2374041.5999999996,1765693439.9999998
20,0.051,14815,20,0,0,0,0,93544.80063259284,71935951.68646389,231324037595.51923,4707856.170320295,3620341394.976307,11641911580043.777,65945.59999999999,2374041.5999999996,1765693439.9999998
20,0.059,15539,20,0,0,0,0,95803.82908072839,73673144.56308013,236910319015.03174,4707856.170320295,3620341394.976307,11641911580043.777,65945.59999999999,2374041.5999999996,1765693439.9999998
20,0.063,17349,20,0,0,0,0,101231.13973158503,77846746.45358889,250331347276.90494,6675352.875895636,5133346361.563745,16507273190863.166,65945.59999999999,2374041.5999999996,1765693439.9999998
20,0.063,17495,20,0,0,0,0,101656.2974216789,78173692.71727107,251382706548.84967,6675352.875895636,5133346361.563745,16507273190863.166,65945.59999999999,2374041.5999999996,1765693439.9999998
20,0.089,19223,20,0,0,0,0,106559.55607222691,81944298.6195425,263507822864.7717,6675352.875895636,5133346361.563745,16507273190863.166,65945.59999999999,2374041.5999999996,1765693439.9999998
20,0.061,16615,20,0,0,0,0,99066.06829492962,76181806.51880087,244977409238.4143,6675352.875895636,5133346361.563745,16507273190863.166,65945.59999999999,2374041.5999999996,1765693439.9999998
20,0.069,20239,20,0,0,0,0,109339.91207763979,84082392.387705,270383279039.52103,6675352.875895636,5133346361.563745,16507273190863.166,65945.59999999999,2374041.5999999996,1765693439.9999998
20,0.071,18087,20,0,0,0,0,103362.30829049827,79485615.07539317,255601447940.01617,6675352.875895636,5133346361.563745,16507273190863.166,65945.59999999999,2374041.5999999996,1765693439.9999998
20,0.082,20165,20,0,0,0,0,109139.79692428255,83928503.83477329,269888420480.35367,6675352.875895636,5133346361.563745,16507273190863.166,65945.59999999999,2374041.5999999996,1765693439.9999998
20,0.072,19603,20,0,0,0,0,107607.86122723336,82750445.28374246,266100144185.12732,6675352.875895636,5133346361.563745,16507273190863.166,65945.59999999999,2374041.5999999996,1765693439.9999998
20,0.06,14617,20,0,0,0,0,92917.43899069783,71453510.58384663,229772654439.48795,4707856.170320295,3620341394.976307,11641911580043.777,65945.59999999999,2374041.5999999996,1765693439.9999998
20,0.072,21289,20,0,0,0,0,112140.91630094138,86236364.63542391,277309795552.1926,6675352.875895636,5133346361.563745,16507273190863.166,65945.59999999999,2374041.5999999996,1765693439.9999998
20,0.086,21149,20,0,0,0,0,111771.50393042369,85952286.52249582,276396287152.9229,6675352.875895636,5133346361.563745,16507273190863.166,65945.59999999999,2374041.5999999996,1765693439.9999998
20,0.074,17935,20,0,0,0,0,102926.97600034079,79150844.54426207,254524928214.98672,6675352.875895636,5133346361.563745,16507273190863.166,65945.59999999999,2374041.5999999996,1765693439.9999998
20,0.085,20835,20,0,0,0,0,110938.49235013284,85311700.61725216,274336358639.38065,6675352.875895636,5133346361.563745,16507273190863.166,65945.59999999999,2374041.5999999996,1765693439.9999998
20,0.053,14787,20,0,0,0,0,93456.3384285406,71867924.25154772,231105282153.44678,4707856.170320295,3620341394.976307,11641911580043.777,65945.59999999999,2374041.5999999996,1765693439.9999998
20,0.057,15309,19,0,0,0,0,95091.99699697846,73125745.69067644,235150051521.9211,4707856.170320295,3620341394.976307,11641911580043.777,65945.59999999999,2374041.5999999996,1765693439.9999998
20,0.086,20439,20,0,0,0,0,109878.94062751805,84496905.34256138,271716226030.62994,6675352.875895636,5133346361.563745,16507273190863.166,65945.59999999999,2374041.5999999996,1765693439.9999998
20,0.067,19793,20,0,0,0,0,108128.20342987076,83150588.43757062,267386882287.42108,6675352.875895636,5133346361.563745,16507273190863.166,65945.59999999999,2374041.5999999996,1765693439.9999998
20,0.067,16439,20,0,0,0,0,98539.85426992986,75777147.93357606,243676150888.62717,6675352.875895636,5133346361.563745,16507273190863.166,65945.59999999999,2374041.5999999996,1765693439.9999998
20,0.084,21313,20,0,0,0,0,112204.1220420257,86284969.85031776,277466095069.9421,6675352.875895636,5133346361.563745,16507273190863.166,65945.59999999999,2374041.5999999996,1765693439.9999998
20,0.057,13485,20,0,0,0,0,89246.08597900785,68630240.11785704,220693879388.82318,4707856.170320295,3620341394.976307,11641911580043.777,65945.59999999999,2374041.5999999996,1765693439.9999998
21,0.075,22349,21,0,0,0,0,117737.38539011744,90540049.36500031,319121178493.2584,7182372.356209799,5523244341.925335,19467453970516.492,93261.16189883117,3357401.828357922,2621104955.16665
21,0.144,36807,21,0,0,0,0,151101.6584968991,116348277.0426123,409553490272.92017,10176320.929754753,7835767115.9111595,27582409064053.77,93261.16189883117,3357401.828357922,2621104955.16665
21,0.11,31023,21,0,0,0,0,138720.30395485286,106814634.0452367,375994447854.4309,7182372.356209799,5530426714.281545,19467461152888.848,93261.16189883117,3357401.828357922,2621104955.16665
21,0.104,28423,21,0,0,0,0,132779.14862518176,102239944.44138995,359891243391.1239,7182372.356209799,5530426714.281545,19467461152888.848,93261.16189883117,3357401.828357922,2621104955.16665
21,0.1,21981,21,0,0,0,0,116763.83683148268,89791390.52341019,316482424776.0554,7182372.356209799,5523244341.925335,19467453970516.492,93261.16189883117,3357401.828357922,2621104955.16665
21,0.129,30893,21,0,0,0,0,138429.3011967173,106590561.92147233,375205699428.64246,7182372.356209799,5530426714.281545,19467461152888.848,93261.16189883117,3357401.828357922,2621104955.16665
21,0.119,29399,21,0,0,0,0,135040.00870098817,103980806.69976088,366019191583.5934,7182372.356209799,5530426714.281545,19467461152888.848,93261.16189883117,3357401.828357922,2621104955.16665
21,0.115,31201,21,0,0,0,0,139117.76671443315,107120680.37011352,377071750791.1353,7182372.356209799,5530426714.281545,19467461152888.848,93261.16189883117,3357401.828357922,2621104955.16665
21,0.109,27343,21,0,0,0,0,130231.64786737107,100278368.85787572,352986369962.1159,7182372.356209799,5530426714.281545,19467461152888.848,93261.16189883117,3357401.828357922,2621104955.16665
21,0.117,30563,21,0,0,0,0,137687.84018570138,106019636.94299006,373196006431.3343,7182372.356209799,5530426714.281545,19467461152888.848,93261.16189883117,3357401.828357922,2621104955.16665
21,0.114,32211,21,0,0,0,0,141351.87584278185,108840944.39894202,383127191878.06805,7182372.356209799,5530426714.281545,19467461152888.848,93261.16189883117,3357401.828357922,2621104955.16665
21,0.104,23563,21,0,0,0,0,120893.46881881174,92967077.52166623,327675581666.4795,7182372.356209799,5523244341.925335,19467453970516.492,93261.16189883117,3357401.828357922,2621104955.16665
21,0.104,25895,21,0,0,0,0,126735.79769276449,97586564.22342865,343511042856.3535,7182372.356209799,5530426714.281545,19467461152888.848,93261.16189883117,3357401.828357922,2621104955.16665
21,0.127,31391,21,0,0,0,0,139540.77575300238,107446397.32981183,378218295639.7253,7182372.356209799,5530426714.281545,19467461152888.848,93261.16189883117,3357401.828357922,2621104955.16665
21,0.077,20583,21,0,0,0,0,112988.98891117205,86888532.47269131,306250892005.29736,7182372.356209799,5523244341.925335,19467453970516.492,93261.16189883117,3357401.828357922,2621104955.16665
21,0.097,24089,21,0,0,0,0,122235.63633981303,93999204.34531622,331313458281.6099,7182372.356209799,5523244341.925335,19467453970516.492,93261.16189883117,3357401.828357922,2621104955.16665
21,0.127,30353,21,0,0,0,0,137213.91563300494,105654715.0374138,371911457627.4783,7182372.356209799,5530426714.281545,19467461152888.848,93261.16189883117,3357401.828357922,2621104955.16665
21,0.132,31583,21,0,0,0,0,139966.93906046258,107774543.07655619,379373389976.4308,7182372.356209799,5530426714.281545,19467461152888.848,93261.16189883117,3357401.828357922,2621104955.16665
21,0.123,30175,21,0,0,0,0,136810.92285134897,105344410.5955387,370819165842.4388,7182372.356209799,5530426714.281545,19467461152888.848,93261.16189883117,3357401.828357922,2621104955.16665
21,0.086,20747,21,0,0,0,0,113438.32046245724,87234068.43562962,307468782259.1468,7182372.356209799,5523244341.925335,19467453970516.492,93261.16189883117,3357401.828357922,2621104955.16665
21,0.096,23341,21,0,0,0,0,120322.51079469938,92528010.80112383,326128029060.9821,7182372.356209799,5523244341.925335,19467453970516.492,93261.16189883117,3357401.828357922,2621104955.16665
21,0.136,28129,21,0,0,0,0,132090.52841551547,101709706.8799469,358024772743.8339,7182372.356209799,5530426714.281545,19467461152888.848,93261.16189883117,3357401.828357922,2621104955.16665
21,0.103,26387,21,0,0,0,0,127934.3272727741,98509432.00003606,346759597356.49054,7182372.356209799,5530426714.281545,19467461152888.848,93261.16189883117,3357401.828357922,2621104955.16665
21,0.123,31263,21,0,0,0,0,139255.94245705576,107227075.69193293,377446269232.7268,7182372.356209799,5530426714.281545,19467461152888.848,93261.16189883117,3357401.828357922,2621104955.16665
21,0.104,25925,21,0,0,0,0,126809.20300842807,97643086.3164896,343710004294.19385,7182372.356209799,5530426714.281545,19467461152888.848,93261.16189883117,3357401.828357922,2621104955.16665
21,0.129,30637,21,0,0,0,0,137854.45401518565,106147929.59169295,373647604885.45996,7182372.356209799,5530426714.281545,19467461152888.848,93261.16189883117,3357401.828357922,2621104955.16665
21,0.085,21629,21,0,0,0,0,115824.96117449623,89069395.1431876,313937650190.45215,7182372.356209799,5523244341.925335,19467453970516.492,93261.16189883117,3357401.828357922,2621104955.16665
21,0.124,31051,21,0,0,0,0,138782.90162021533,106862834.2475658,376164115696.51263,7182372.356209799,5530426714.281545,19467461152888.848,93261.16189883117,3357401.828357922,2621104955.16665
21,0.109,26627,21,0,0,0,0,128514.92056213961,98956488.8328475,348333266437.6513,7182372.356209799,5530426714.281545,19467461152888.848,93261.16189883117,3357401.828357922,2621104955.16665
21,0.117,26497,21,0,0,0,0,128200.75886237604,98714584.32402955,347481746858.52716,7182372.356209799,5530426714.281545,19467461152888.848,93261.16189883117,3357401.828357922,2621104955.16665
22,0.17,43149,22,0,0,0,0,167454.76961640234,128940172.6046298,495490290556.4537,10911959.94287907,8402209156.016884,32287943872982.023,131891.19999999998,4748083.199999999,3882217471.9999995
22,0.139,31833,22,0,0,0,0,143827.24548192616,110746979.02108315,425577628018.7454,7701619.99893965,5930247399.183531,22788708495862.477,131891.19999999998,4748083.199999999,3882217471.9999995
22,0.168,43219,22,0,0,0,0,167590.56291090543,129044733.44139718,495892096125.22363,10911959.94287907,8402209156.016884,32287943872982.023,131891.19999999998,4748083.199999999,3882217471.9999995
22,0.15,32777,22,0,0,0,0,145944.58436779372,112377329.96320117,431842727915.08325,10911959.94287907,8402209156.016884,32287943872982.023,131891.19999999998,4748083.199999999,3882217471.9999995
22,0.189,46485,22,0,0,0,0,173808.3945229233,133832463.78265095,514290348973.60394,10911959.94287907,8402209156.016884,32287943872982.023,131891.19999999998,4748083.199999999,3882217471.9999995
22,0.189,45581,22,0,0,0,0,172109.83522981923,132524573.12696081,509264396953.2736,10911959.94287907,8402209156.016884,32287943872982.023,131891.19999999998,4748083.199999999,3882217471.9999995
22,0.206,51509,22,0,0,0,0,182961.09830542316,140880045.69517583,541372741830.83185,10911959.94287907,8402209156.016884,32287943872982.023,131891.19999999998,4748083.199999999,3882217471.9999995
22,0.157,39731,22,0,0,0,0,160684.6513814844,123727181.563743,475457849205.2433,10911959.94287907,8402209156.016884,32287943872982.023,131891.19999999998,4748083.199999999,3882217471.9999995
22,0.163,39521,22,0,0,0,0,160259.37502777055,123399718.77138333,474199477738.4217,10911959.94287907,8402209156.016884,32287943872982.023,131891.19999999998,4748083.199999999,3882217471.9999995
22,0.151,39889,22,0,0,0,0,161003.88078734878,123972988.20625857,476402433055.7257,10911959.94287907,8402209156.016884,32287943872982.023,131891.19999999998,4748083.199999999,3882217471.9999995
22,0.176,40595,22,0,0,0,0,162422.6468073259,125065438.04164094,480600490770.5369,10911959.94287907,8402209156.016884,32287943872982.023,131891.19999999998,4748083.199999999,3882217471.9999995
22,0.188,43779,22,0,0,0,0,168672.9742249777,129878190.15323283,499094897082.99774,10911959.94287907,8402209156.016884,32287943872982.023,131891.19999999998,4748083.199999999,3882217471.9999995
22,0.144,34183,22,0,0,0,0,149042.41878232313,114762662.46238881,441009065055.955,10911959.94287907,8402209156.016884,32287943872982.023,131891.19999999998,4748083.199999999,3882217471.9999995
22,0.217,43301,22,0,0,0,0,167749.49526880274,129167111.3569781,496362369025.62384,10911959.94287907,8402209156.016884,32287943872982.023,131891.19999999998,4748083.199999999,3882217471.9999995
22,0.193,46941,22,0,0,0,0,174658.92316576827,134487370.83764157,516807020701.35004,10911959.94287907,8402209156.016884,32287943872982.023,131891.19999999998,4748083.199999999,3882217471.9999995
22,0.147,34281,22,0,0,0,0,149255.94525067476,114927077.84301956,441640879199.4841,10911959.94287907,8402209156.016884,32287943872982.023,131891.19999999998,4748083.199999999,3882217471.9999995
22,0.108,29203,22,0,0,0,0,137756.80457838628,106072739.52535744,407615496907.21606,7701619.99893965,5930247399.183531,22788708495862.477,131891.19999999998,4748083.199999999,3882217471.9999995
22,0.201,41423,22,0,0,0,0,164070.95326355196,126334634.01293501,485477747159.1871,10911959.94287907,8402209156.016884,32287943872982.023,131891.19999999998,4748083.199999999,3882217471.9999995
22,0.168,37079,22,0,0,0,0,155228.5044858309,119525948.45408979,459313383348.3493,10911959.94287907,8402209156.016884,32287943872982.023,131891.19999999998,4748083.199999999,3882217471.9999995
22,0.166,37665,22,0,0,0,0,156450.49956260974,120466884.6632095,462929205680.78406,10911959.94287907,8402209156.016884,32287943872982.023,131891.19999999998,4748083.199999999,3882217471.9999995
22,0.174,40161,22,0,0,0,0,161551.96278641094,124395011.34553643,478024180286.85065,10911959.94287907,8402209156.016884,32287943872982.023,131891.19999999998,4748083.199999999,3882217471.9999995
22,0.201,45493,22,0,0,0,0,171943.59267633664,132396566.36077921,508772493549.6463,10911959.94287907,8402209156.016884,32287943872982.023,131891.19999999998,4748083.199999999,3882217471.9999995
22,0.143,34807,22,0,0,0,0,150396.83649194794,115805564.09879991,445016719337.84937,10911959.94287907,8402209156.016884,32287943872982.023,131891.19999999998,4748083.199999999,3882217471.9999995
22,0.167,36873,22,0,0,0,0,154796.6381517768,119193411.37686814,458035512459.19995,10911959.94287907,8402209156.016884,32287943872982.023,131891.19999999998,4748083.199999999,3882217471.9999995
22,0.173,37283,22,0,0,0,0,155654.99729765684,119854347.91919577,460575354253.90173,10911959.94287907,8402209156.016884,32287943872982.023,131891.19999999998,4748083.199999999,3882217471.9999995
22,0.226,39449,22,0,0,0,0,160113.30599701017,123287245.61769783,473767266779.8533,10911959.94287907,8402209156.016884,32287943872982.023,131891.19999999998,4748083.199999999,3882217471.9999995
22,0.243,55769,22,0,0,0,0,190377.55750441423,146590719.27839896,563317673777.6865,10911959.94287907,8402209156.016884,32287943872982.023,131891.19999999998,4748083.199999999,3882217471.9999995
22,0.185,37853,22,0,0,0,0,156840.52202310495,120767201.9577908,464083262640.26636,10911959.94287907,8402209156.016884,32287943872982.023,131891.19999999998,4748083.199999999,3882217471.9999995
22,0.218,44517,22,0,0,0,0,170088.9190209966,130968467.64616738,503284606937.1779,10911959.94287907,8402209156.016884,32287943872982.023,131891.19999999998,4748083.199999999,3882217471.9999995
22,0.164,39563,22,0,0,0,0,160344.52052128525,123465280.80138963,474451418996.457,10911959.94287907,8402209156.016884,32287943872982.023,131891.19999999998,4748083.199999999,3882217471.9999995
23,0.317,57471,23,0,0,0,0,197605.11953386848,152155942.04107872,635966388554.2163,11664521.95823152,8981681907.83827,37540747534713.58,186522.32379766233,6714803.656715844,5738359291.635081
23,0.253,56915,23,0,0,0,0,196646.8252163822,151418055.4166143,632882242871.648,11664521.95823152,8981681907.83827,37540747534713.58,186522.32379766233,6714803.656715844,5738359291.635081
23,0.291,56565,23,0,0,0,0,196041.1801662443,150951708.72800812,630933053011.6356,11664521.95823152,8981681907.83827,37540747534713.58,186522.32379766233,6714803.656715844,5738359291.635081
23,0.229,48415,23,0,0,0,0,181367.41633597028,139652910.57869712,583707451713.1967,11664521.95823152,8981681907.83827,37540747534713.58,186522.32379766233,6714803.656715844,5738359291.635081
23,0.328,66407,23,0,0,0,0,212414.55085127993,163559204.15548554,683628618023.2338,16517907.850477282,12718789044.867508,53160739088740.57,186522.32379766233,6714803.656715844,5738359291.635081
23,0.331,65693,23,0,0,0,0,211269.41326340474,162677448.21282166,679943141564.544,16517907.850477282,12718789044.867508,53160739088740.57,186522.32379766233,6714803.656715844,5738359291.635081
23,0.337,69577,23,0,0,0,0,217425.89404389006,167417938.41379535,699756974614.0344,16517907.850477282,12718789044.867508,53160739088740.57,186522.32379766233,6714803.656715844,5738359291.635081
23,0.208,44143,23,0,0,0,0,173179.95492719332,133348565.29393886,557357171539.0311,11664521.95823152,8981681907.83827,37540747534713.58,186522.32379766233,6714803.656715844,5738359291.635081
23,0.224,43369,23,0,0,0,0,171654.77646251992,132174177.87614034,552448582923.6802,11664521.95823152,8981681907.83827,37540747534713.58,186522.32379766233,6714803.656715844,5738359291.635081
23,0.308,65405,23,0,0,0,0,210805.74860144517,162320426.42311278,678450897126.4331,11664521.95823152,8981681907.83827,37540747534713.58,186522.32379766233,6714803.656715844,5738359291.635081
23,0.342,63525,23,0,0,0,0,207753.62806074106,159970293.6067706,668628043941.8472,11664521.95823152,8981681907.83827,37540747534713.58,186522.32379766233,6714803.656715844,5738359291.635081
23,0.381,63313,23,0,0,0,0,207406.63515198044,159703109.06702495,667511292374.0793,11664521.95823152,8981681907.83827,37540747534713.58,186522.32379766233,6714803.656715844,5738359291.635081
23,0.334,70839,22,0,0,0,0,219389.0948559151,168929603.0390546,706075281211.4314,16517907.850477282,12718789044.867508,53160739088740.57,186522.32379766233,6714803.656715844,5738359291.635081
23,0.286,57735,23,0,0,0,0,198058.51371130798,152505055.55770716,637425578773.0623,11664521.95823152,8981681907.83827,37540747534713.58,186522.32379766233,6714803.656715844,5738359291.635081
23,0.229,49687,23,0,0,0,0,183734.7887127063,141475787.30878386,591326531949.3126,11664521.95823152,8981681907.83827,37540747534713.58,186522.32379766233,6714803.656715844,5738359291.635081
23,0.212,47599,23,0,0,0,0,179832.31847953392,138470885.2292411,578766938824.9775,11664521.95823152,8981681907.83827,37540747534713.58,186522.32379766233,6714803.656715844,5738359291.635081
23,0.285,57655,23,0,0,0,0,197921.23120412073,152399348.02717295,636983752870.406,11664521.95823152,8981681907.83827,37540747534713.58,186522.32379766233,6714803.656715844,5738359291.635081
23,0.311,63811,23,0,0,0,0,208220.8249959266,160330035.24686348,670131656542.1404,11664521.95823152,8981681907.83827,37540747534713.58,186522.32379766233,6714803.656715844,5738359291.635081
23,0.184,43503,23,0,0,0,0,171919.79379528904,132378241.22237256,553301506756.9443,11664521.95823152,8981681907.83827,37540747534713.58,186522.32379766233,6714803.656715844,5738359291.635081
23,0.346,72797,23,0,0,0,0,222400.71649537387,171248551.7014379,715767793947.2164,16517907.850477282,12718789044.867508,53160739088740.57,186522.32379766233,6714803.656715844,5738359291.635081
23,0.294,59929,23,0,0,0,0,201787.08947987715,155376058.8995054,649425515169.3522,11664521.95823152,8981681907.83827,37540747534713.58,186522.32379766233,6714803.656715844,5738359291.635081
23,0.397,65029,23,0,0,0,0,210198.86951680208,161853129.5279376,676497735686.7903,11664521.95823152,8981681907.83827,37540747534713.58,186522.32379766233,6714803.656715844,5738359291.635081
23,0.316,69479,23,0,0,0,0,217272.70048006973,167299979.3696537,699263941044.042,16517907.850477282,12718789044.867508,53160739088740.57,186522.32379766233,6714803.656715844,5738359291.635081
23,0.257,53395,23,0,0,0,0,190468.08702257165,146660427.00738016,612996777230.8339,11664521.95823152,8981681907.83827,37540747534713.58,186522.32379766233,6714803.656715844,5738359291.635081
23,0.282,62857,23,0,0,0,0,206658.29890824447,159126890.15934825,665102869457.3268,11664521.95823152,8981681907.83827,37540747534713.58,186522.32379766233,6714803.656715844,5738359291.635081
23,0.299,57295,23,0,0,0,0,197302.2779922352,151922754.05402112,634991732421.87,11664521.95823152,8981681907.83827,37540747534713.58,186522.32379766233,6714803.656715844,5738359291.635081
23,0.2,40067,23,0,0,0,0,164989.86071109516,127042192.74754328,530998418016.76733,11664521.95823152,8981681907.83827,37540747534713.58,186522.32379766233,6714803.656715844,5738359291.635081
23,0.265,53711,23,0,0,0,0,191030.93346741982,147093818.76991326,614808225343.5399,11664521.95823152,8981681907.83827,37540747534713.58,186522.32379766233,6714803.656715844,5738359291.635081
23,0.195,41301,23,0,0,0,0,167511.6574762938,128983976.25674622,539114493071.9797,11664521.95823152,8981681907.83827,37540747534713.58,186522.32379766233,6714803.656715844,5738359291.635081
23,0.275,63393,23,0,0,0,0,207537.6440211064,159803985.89625192,667932927388.2081,11664521.95823152,8981681907.83827,37540747534713.58,186522.32379766233,6714803.656715844,5738359291.635081
24,0.344,73359,24,0,0,0,0,228059.91482150462,175834194.32738006,795635133496.8462,17606973.69244515,13574976716.875212,61425642797544.016,263782.39999999997,9496166.399999999,8466096127.999999
24,0.409,89021,24,0,0,0,0,251230.59336490088,193698787.48433858,876470934608.6567,17606973.69244515,13574976716.875212,61425642797544.016,263782.39999999997,9496166.399999999,8466096127.999999
24,0.381,84693,24,0,0,0,0,245046.806083608,188931087.49046177,854897487898.7502,17606973.69244515,13574976716.875212,61425642797544.016,263782.39999999997,9496166.399999999,8466096127.999999
24,0.393,72831,24,0,0,0,0,227237.62145491777,175200206.1417416,792766389583.6077,17606973.69244515,13574976716.875212,61425642797544.016,263782.39999999997,9496166.399999999,8466096127.999999
24,0.344,86517,24,0,0,0,0,247671.73426883004,190954907.12126797,864055103732.7443,17606973.69244515,13574976716.875212,61425642797544.016,263782.39999999997,9496166.399999999,8466096127.999999
24,0.394,89827,24,0,0,0,0,252365.46069934047,194573770.1991915,880430158761.8568,17606973.69244515,13574976716.875212,61425642797544.016,263782.39999999997,9496166.399999999,8466096127.999999
24,0.35,77183,24,0,0,0,0,233929.062934351,180359307.5223846,816110895078.7627,17606973.69244515,13574976716.875212,61425642797544.016,263782.39999999997,9496166.399999999,8466096127.999999
24,0.309,68651,24,0,0,0,0,220619.66240463124,169877140.05156606,769678022427.661,17606973.69244515,13557369743.182766,61425625190570.33,263782.39999999997,9496166.399999999,8466096127.999999
24,0.327,76179,24,0,0,0,0,232402.45277423173,179182291.08893266,810784993420.4427,17606973.69244515,13574976716.875212,61425642797544.016,263782.39999999997,9496166.399999999,8466096127.999999
24,0.381,87299,24,0,0,0,0,248788.63344520016,191816036.38624933,867951642175.2377,17606973.69244515,13574976716.875212,61425642797544.016,263782.39999999997,9496166.399999999,8466096127.999999
24,0.312,62853,24,0,0,0,0,211096.84797871657,162544572.94361177,736455684511.8282,12433634.822414618,9573898813.259256,43377346141306.1,263782.39999999997,9496166.399999999,8466096127.999999
24,0.327,69771,24,0,0,0,0,222412.20714533672,171257399.5019093,775931691190.0077,17606973.69244515,13557369743.182766,61425625190570.33,263782.39999999997,9496166.399999999,8466096127.999999
24,0.333,81347,24,0,0,0,0,240156.9889683006,185161038.49455976,837838329140.589,17606973.69244515,13574976716.875212,61425642797544.016,263782.39999999997,9496166.399999999,8466096127.999999
24,0.579,131199,24,0,0,0,0,304999.09599445865,235154303.01172763,1064053701185.9238,24923408.019732587,19215947583.213825,86950567715929.3,263782.39999999997,9496166.399999999,8466096127.999999
24,0.385,87757,24,0,0,0,0,249440.45443875747,192318590.372282,870225657245.4921,17606973.69244515,13574976716.875212,61425642797544.016,263782.39999999997,9496166.399999999,8466096127.999999
24,0.338,77057,24,0,0,0,0,233738.02348220983,180212016.10478377,815444413640.6437,17606973.69244515,13574976716.875212,61425642797544.016,263782.39999999997,9496166.399999999,8466096127.999999
24,0.444,96285,24,0,0,0,0,261280.58171746923,201447328.50416878,911532439524.1338,17606973.69244515,13574976716.875212,61425642797544.016,263782.39999999997,9496166.399999999,8466096127.999999
24,0.44,98953,24,0,0,0,0,264876.127193712,204219494.06635195,924076258578.1022,17606973.69244515,13574976716.875212,61425642797544.016,263782.39999999997,9496166.399999999,8466096127.999999
24,0.45,94363,24,0,0,0,0,258659.42027350902,199426413.03087544,902387964761.814,17606973.69244515,13574976716.875212,61425642797544.016,263782.39999999997,9496166.399999999,8466096127.999999
24,0.393,98787,24,0,0,0,0,264653.8413225075,204048111.65965328,923300767414.0864,17606973.69244515,13574976716.875212,61425642797544.016,263782.39999999997,9496166.399999999,8466096127.999999
24,0.27,61359,24,0,0,0,0,208572.6253395099,160600921.5114226,727649403748.2015,12433634.822414618,9573898813.259256,43377346141306.1,263782.39999999997,9496166.399999999,8466096127.999999
24,0.391,86065,24,0,0,0,0,247023.85802944,190455394.54069823,861794850769.7456,17606973.69244515,13574976716.875212,61425642797544.016,263782.39999999997,9496166.399999999,8466096127.999999
24,0.256,57845,24,0,0,0,0,202511.48255055054,155933841.56392393,706503834288.9312,12433634.822414618,9573898813.259256,43377346141306.1,263782.39999999997,9496166.399999999,8466096127.999999
24,0.4,78191,24,0,0,0,0,235451.79900308838,181533337.03138113,821423281151.8635,17606973.69244515,13574976716.875212,61425642797544.016,263782.39999999997,9496166.399999999,8466096127.999999
24,0.31,69391,24,0,0,0,0,221805.64590092207,170790347.34371,773815574911.0059,17606973.69244515,13557369743.182766,61425625190570.33,263782.39999999997,9496166.399999999,8466096127.999999
24,0.432,85639,24,0,0,0,0,246411.68989239892,189983412.90703958,859659173056.2009,17606973.69244515,13574976716.875212,61425642797544.016,263782.39999999997,9496166.399999999,8466096127.999999
24,0.336,73791,24,0,0,0,0,228730.501730336,176351216.83408904,797974617422.1422,17606973.69244515,13574976716.875212,61425642797544.016,263782.39999999997,9496166.399999999,8466096127.999999
24,0.323,68895,24,0,0,0,0,221011.4196179232,170178793.10580087,771044749735.2449,17606973.69244515,13557369743.182766,61425625190570.33,263782.39999999997,9496166.399999999,8466096127.999999
24,0.465,108453,24,0,0,0,0,277300.5988458044,213798761.7101152,967421649499.9451,17606973.69244515,13574976716.875212,61425642797544.016,263782.39999999997,9496166.399999999,8466096127.999999
24,0.422,75019,24,0,0,0,0,230626.05937111404,177812691.77512893,804587670214.6587,17606973.69244515,13574976716.875212,61425642797544.016,263782.39999999997,9496166.399999999,8466096127.999999
25,0.758,156729,25,0,0,0,0,340232.45751956495,265041084.4077411,1282666498107.4917,26497433.371776387,20641500596.613804,99894555386029.2,373044.64759532467,14175696.608622337,12469017345.873728
25,0.406,93801,25,0,0,0,0,263206.2598461263,205037676.4201324,992279966638.3606,18718979.32391633,14582084893.330822,70570009200764.17,373044.64759532467,14175696.608622337,12469017345.873728
25,0.609,137181,25,0,0,0,0,318306.87798316934,247961057.94888893,1200007699097.087,26497433.371776387,20641500596.613804,99894555386029.2,373044.64759532467,14175696.608622337,12469017345.873728
25,0.605,136463,25,0,0,0,0,317472.72205276374,247311250.47910294,1196862955429.9797,26497433.371776387,20641500596.613804,99894555386029.2,373044.64759532467,14175696.608622337,12469017345.873728
25,0.539,118025,25,0,0,0,0,295245.7108379637,229996408.7427737,1113067767733.5088,18718979.32391633,14582084893.330822,70570009200764.17,373044.64759532467,14175696.608622337,12469017345.873728
25,0.542,100411,25,0,0,0,0,272323.04505724605,212139652.09959468,1026649982497.511,18718979.32391633,14582084893.330822,70570009200764.17,373044.64759532467,14175696.608622337,12469017345.873728
25,0.574,127773,25,0,0,0,0,307197.34161154355,239306729.11539242,1158125069152.6125,18718979.32391633,14582084893.330822,70570009200764.17,373044.64759532467,14175696.608622337,12469017345.873728
25,0.553,127119,25,0,0,0,0,306410.08667827875,238693457.52237916,1155157140884.5972,18718979.32391633,14582084893.330822,70570009200764.17,373044.64759532467,14175696.608622337,12469017345.873728
25,0.439,96125,25,0,0,0,0,266447.1732194942,207562347.93798596,1004498116069.4696,18718979.32391633,14582084893.330822,70570009200764.17,373044.64759532467,14175696.608622337,12469017345.873728
25,0.403,91815,25,0,0,0,0,260404.74366528643,202855295.31525812,981718331880.5635,18718979.32391633,14582084893.330822,70570009200764.17,373044.64759532467,14175696.608622337,12469017345.873728
25,0.319,67673,25,0,0,0,0,223559.6775329658,173929429.1206474,842813277508.9551,18718979.32391633,14563365914.006905,70569990481784.84,373044.64759532467,14175696.608622337,12469017345.873728
25,0.599,129113,25,0,0,0,0,308804.1032155449,240558396.40490946,1164182513803.611,18718979.32391633,14582084893.330822,70570009200764.17,373044.64759532467,14175696.608622337,12469017345.873728
25,0.421,95509,25,0,0,0,0,265591.98763359437,206896158.36657003,1001274091211.0094,18718979.32391633,14582084893.330822,70570009200764.17,373044.64759532467,14175696.608622337,12469017345.873728
25,0.56,116989,24,0,0,0,0,293946.94956789137,228984673.71338737,1108171475409.413,18718979.32391633,14582084893.330822,70570009200764.17,373044.64759532467,14175696.608622337,12469017345.873728
25,0.593,137479,25,0,0,0,0,318652.44637267146,248230255.72431105,1201310481904.0266,26497433.371776387,20641500596.613804,99894555386029.2,373044.64759532467,14175696.608622337,12469017345.873728
25,0.434,99149,25,0,0,0,0,270606.1641902884,210802201.90423468,1020177391418.6257,18718979.32391633,14582084893.330822,70570009200764.17,373044.64759532467,14175696.608622337,12469017345.873728
25,0.583,129023,25,0,0,0,0,308696.4483616696,240474533.27374062,1163776658126.492,18718979.32391633,14582084893.330822,70570009200764.17,373044.64759532467,14175696.608622337,12469017345.873728
25,0.524,121501,25,0,0,0,0,299562.19604391325,233358950.71820843,1129340791781.8677,18718979.32391633,14582084893.330822,70570009200764.17,373044.64759532467,14175696.608622337,12469017345.873728
25,0.512,113475,25,0,0,0,0,289498.29978895903,225519175.53559908,1091400194753.6816,18718979.32391633,14582084893.330822,70570009200764.17,373044.64759532467,14175696.608622337,12469017345.873728
25,0.474,106985,25,0,0,0,0,281097.0820361276,218974626.90614343,1059727847460.8221,18718979.32391633,14582084893.330822,70570009200764.17,373044.64759532467,14175696.608622337,12469017345.873728
25,0.586,126427,25,0,0,0,0,305574.88087245973,238042832.19964615,1152008439217.628,18718979.32391633,14582084893.330822,70570009200764.17,373044.64759532467,14175696.608622337,12469017345.873728
25,0.554,122229,25,0,0,0,0,300458.3709027862,234057070.93327045,1132719345010.7478,18718979.32391633,14582084893.330822,70570009200764.17,373044.64759532467,14175696.608622337,12469017345.873728
25,0.487,109855,25,0,0,0,0,284842.81741005334,221892554.76243156,1073849161194.1962,18718979.32391633,14582084893.330822,70570009200764.17,373044.64759532467,14175696.608622337,12469017345.873728
25,0.579,136155,25,0,0,0,0,317114.2222584247,247031979.13931283,1195511421601.8154,26497433.371776387,20641500596.613804,99894555386029.2,373044.64759532467,14175696.608622337,12469017345.873728
25,0.588,125655,25,0,0,0,0,304640.41750939173,237314885.23981616,1148485539438.299,18718979.32391633,14582084893.330822,70570009200764.17,373044.64759532467,14175696.608622337,12469017345.873728
25,0.552,121617,25,0,0,0,0,299705.17259973224,233470329.4551914,1129879809250.985,18718979.32391633,14582084893.330822,70570009200764.17,373044.64759532467,14175696.608622337,12469017345.873728
25,0.602,124517,25,0,0,0,0,303257.6810243555,236237733.51797295,1143272662989.0706,18718979.32391633,14582084893.330822,70570009200764.17,373044.64759532467,14175696.608622337,12469017345.873728
25,0.436,87225,25,0,0,0,0,253811.65799269633,197719281.57631046,956862590094.3834,18718979.32391633,14582084893.330822,70570009200764.17,373044.64759532467,14175696.608622337,12469017345.873728
25,0.62,136489,25,0,0,0,0,317502.9664961907,247334810.90053254,1196976976104.6106,26497433.371776387,20641500596.613804,99894555386029.2,373044.64759532467,14175696.608622337,12469017345.873728
25,0.497,109099,24,0,0,0,0,283860.93069178995,221127665.00890437,1070147476741.0581,18718979.32391633,14582084893.330822,70570009200764.17,373044.64759532467,14175696.608622337,12469017345.873728
26,0.866,186293,26,0,0,0,0,378284.8503636313,294683898.4332688,1536883206657.2993,28103270.618938636,21892447812.1532,114177040462693.47,527564.7999999999,20047462.4,18368751206.399998
26,0.743,162329,26,0,0,0,0,353115.56158439995,275077022.4742476,1434626250791.5679,28103270.618938636,21892447812.1532,114177040462693.47,527564.7999999999,20047462.4,18368751206.399998
26,0.8,179459,26,0,0,0,0,371281.06806833757,289227952.02523494,1508428471072.7957,28103270.618938636,21892447812.1532,114177040462693.47,527564.7999999999,20047462.4,18368751206.399998
26,0.803,178603,26,0,0,0,0,370394.46950884705,288537291.7473918,1504826427703.05,28103270.618938636,21892447812.1532,114177040462693.47,527564.7999999999,20047462.4,18368751206.399998
26,0.814,186787,26,0,0,0,0,378786.10467783146,295074375.5440307,1538919686143.6394,28103270.618938636,21892447812.1532,114177040462693.47,527564.7999999999,20047462.4,18368751206.399998
26,0.983,208443,26,0,0,0,0,400143.5117694722,311711795.6684189,1625689854881.1233,28103270.618938636,21892447812.1532,114177040462693.47,527564.7999999999,20047462.4,18368751206.399998
26,0.612,140761,26,0,0,0,0,328819.74206965807,256150579.07226363,1335917997029.1184,28103270.618938636,21892447812.1532,114177040462693.47,527564.7999999999,20047462.4,18368751206.399998
26,0.554,123027,26,0,0,0,0,307407.7527305564,239470639.37710345,1248926073337.8645,19853461.082237635,15465846183.063118,80659986520699.34,527564.7999999999,20047462.4,18368751206.399998
26,0.633,132921,26,0,0,0,0,319530.7291556378,248914438.01224184,1298178901899.4631,28103270.618938636,21892447812.1532,114177040462693.47,527564.7999999999,20047462.4,18368751206.399998
26,0.674,147959,26,0,0,0,0,337122.8219694254,262618678.3141824,1369651476044.2566,28103270.618938636,21892447812.1532,114177040462693.47,527564.7999999999,20047462.4,18368751206.399998
26,0.758,168869,26,0,0,0,0,360159.0390313146,280563891.4053941,1463242258528.137,28103270.618938636,21892447812.1532,114177040462693.47,527564.7999999999,20047462.4,18368751206.399998
26,0.584,123151,26,0,0,0,0,307562.64478376455,239591300.28655258,1249555363660.2007,19853461.082237635,15465846183.063118,80659986520699.34,527564.7999999999,20047462.4,18368751206.399998
26,0.821,170993,26,0,0,0,0,362417.1089780655,282322927.89391303,1472416270591.4883,28103270.618938636,21892447812.1532,114177040462693.47,527564.7999999999,20047462.4,18368751206.399998
26,0.854,185529,26,0,0,0,0,377508.3205938238,294078981.74258876,1533728347134.0078,28103270.618938636,21892447812.1532,114177040462693.47,527564.7999999999,20047462.4,18368751206.399998
26,0.792,176033,26,0,0,0,0,367719.75996524683,286453693.0129273,1493959706034.726,28103270.618938636,21892447812.1532,114177040462693.47,527564.7999999999,20047462.4,18368751206.399998
26,1.118,247221,26,0,0,0,0,435779.544625499,339908044.8078892,1770471188959.0493,28103270.618938636,21920551082.772137,114177068565964.08,527564.7999999999,20047462.4,18368751206.399998
26,0.594,131235,26,0,0,0,0,317497.6157659556,247330642.6816794,1289918835912.604,28103270.618938636,21892447812.1532,114177040462693.47,527564.7999999999,20047462.4,18368751206.399998
26,0.719,159625,26,0,0,0,0,350162.0024827411,272776199.9340553,1422626628340.7986,28103270.618938636,21892447812.1532,114177040462693.47,527564.7999999999,20047462.4,18368751206.399998
26,0.547,122399,25,0,0,0,0,306622.0979240102,238858614.28280392,1245734140916.437,19853461.082237635,15465846183.063118,80659986520699.34,527564.7999999999,20047462.4,18368751206.399998
26,0.607,136157,26,0,0,0,0,323397.1518230691,251926381.2701708,1313887276320.755,28103270.618938636,21892447812.1532,114177040462693.47,527564.7999999999,20047462.4,18368751206.399998
26,0.909,200327,26,0,0,0,0,392275.6630861188,305582741.5440866,1593724618889.4016,28103270.618938636,21892447812.1532,114177040462693.47,527564.7999999999,20047462.4,18368751206.399998
26,0.827,180295,26,0,0,0,0,372144.91305649764,289900887.27101165,1511938071983.8076,28103270.618938636,21892447812.1532,114177040462693.47,527564.7999999999,20047462.4,18368751206.399998
26,0.717,151589,26,0,0,0,0,341233.49984924134,265820896.382559,1386352202482.0027,28103270.618938636,21892447812.1532,114177040462693.47,527564.7999999999,20047462.4,18368751206.399998
26,0.676,153027,26,0,0,0,0,342848.2889191835,267078817.06804395,1392912714227.3242,28103270.618938636,21892447812.1532,114177040462693.47,527564.7999999999,20047462.4,18368751206.399998
26,0.965,205081,26,0,0,0,0,396903.2283233425,309187614.8638838,1612525338225.5413,28103270.618938636,21892447812.1532,114177040462693.47,527564.7999999999,20047462.4,18368751206.399998
26,1.033,217397,26,0,0,0,0,408648.034255271,318336818.6848561,1660241748187.1846,28103270.618938636,21892447812.1532,114177040462693.47,527564.7999999999,20047462.4,18368751206.399998
26,0.825,187029,26,0,0,0,0,379031.41651740187,295265473.46705604,1539916330990.1553,28103270.618938636,21892447812.1532,114177040462693.47,527564.7999999999,20047462.4,18368751206.399998
26,0.831,187857,26,0,0,0,0,379869.54973646044,295918379.2447027,1543321470974.1501,28103270.618938636,21892447812.1532,114177040462693.47,527564.7999999999,20047462.4,18368751206.399998
26,0.845,190581,26,0,0,0,0,382613.93204048945,298056253.0595413,1554471256834.3433,28103270.618938636,21892447812.1532,114177040462693.47,527564.7999999999,20047462.4,18368751206.399998
26,0.375,85767,25,0,0,0,0,256665.97102917897,199942791.43173042,1042774037120.3043,19853461.082237635,15465846183.063118,80659986520699.34,527564.7999999999,20047462.4,18368751206.399998
27,0.947,210737,26,0,0,0,0,410004.219576038,319803291.26930964,1790024302111.998,29740301.766145226,23197435377.593277,129842231791156.92,746089.2951906493,28351393.217244674,26969635842.551594
27,0.989,207599,27,0,0,0,0,406939.994605129,317006255.79739547,1776645893426.7107,29740301.766145226,23167695075.82713,129842202050855.16,746089.2951906493,28351393.217244674,26969635842.551594
27,0.839,188135,27,0,0,0,0,387392.58867621876,301778826.5787744,1691304518946.0771,29740301.766145226,23167695075.82713,129842202050855.16,746089.2951906493,28351393.217244674,26969635842.551594
27,1.386,275285,27,0,0,0,0,468610.7508087647,365516385.6308365,2045892681411.96,42087094.901553944,32827934023.212074,183746700843657.5,746089.2951906493,28351393.217244674,26969635842.551594
27,1.273,295371,27,0,0,0,0,485406.55596686894,378617113.65415776,2119220949685.9622,42087094.901553944,32827934023.212074,183746700843657.5,746089.2951906493,28351393.217244674,26969635842.551594
27,0.961,202369,27,0,0,0,0,401781.0267997623,312987419.8770148,1754122526131.1978,29740301.766145226,23167695075.82713,129842202050855.16,746089.2951906493,28351393.217244674,26969635842.551594
27,1.049,219505,27,0,0,0,0,418447.16461882956,326388788.4026871,1826885085700.08,29740301.766145226,23197435377.593277,129842231791156.92,746089.2951906493,28351393.217244674,26969635842.551594
27,0.983,216299,27,0,0,0,0,415379.92204517673,323996339.1952379,1813493909499.5317,29740301.766145226,23197435377.593277,129842231791156.92,746089.2951906493,28351393.217244674,26969635842.551594
27,1.047,218139,27,0,0,0,0,417143.0432457742,325371573.7317039,1821191463929.3418,29740301.766145226,23197435377.593277,129842231791156.92,746089.2951906493,28351393.217244674,26969635842.551594
27,1.004,201679,27,0,0,0,0,401095.4437979385,312453350.71859413,1751129361927.7744,29740301.766145226,23167695075.82713,129842202050855.16,746089.2951906493,28351393.217244674,26969635842.551594
27,1.273,258451,27,0,0,0,0,454055.9799366096,354163664.3505555,1982348473013.886,29740301.766145226,23197435377.593277,129842231791156.92,746089.2951906493,28351393.217244674,26969635842.551594
27,0.887,184907,27,0,0,0,0,384054.5912489375,299178526.5829223,1676731266132.2249,29740301.766145226,23167695075.82713,129842202050855.16,746089.2951906493,28351393.217244674,26969635842.551594
27,0.952,198095,27,0,0,0,0,397515.3668247074,309664470.7564471,1735499222012.885,29740301.766145226,23167695075.82713,129842202050855.16,746089.2951906493,28351393.217244674,26969635842.551594
27,0.885,175515,27,0,0,0,0,374173.2344426449,291480949.6308204,1633590576536.407,29740301.766145226,23167695075.82713,129842202050855.16,746089.2951906493,28351393.217244674,26969635842.551594
27,1.238,250453,27,0,0,0,0,446974.82409253716,348640362.792179,1951433081311.237,29740301.766145226,23197435377.593277,129842231791156.92,746089.2951906493,28351393.217244674,26969635842.551594
27,1.009,214257,27,0,0,0,0,413414.43851246167,322463262.0397201,1804912867839.524,29740301.766145226,23197435377.593277,129842231791156.92,746089.2951906493,28351393.217244674,26969635842.551594
27,1.293,265441,27,0,0,0,0,460155.46584883373,358921263.3620903,2008978023374.516,42087094.901553944,32827934023.212074,183746700843657.5,746089.2951906493,28351393.217244674,26969635842.551594
27,0.927,178517,27,0,0,0,0,377359.78346000746,293963271.3153458,1647502625735.1924,29740301.766145226,23167695075.82713,129842202050855.16,746089.2951906493,28351393.217244674,26969635842.551594
27,1.249,253315,27,0,0,0,0,449521.5568124423,350626814.313705,1962551780197.624,29740301.766145226,23197435377.593277,129842231791156.92,746089.2951906493,28351393.217244674,26969635842.551594
27,0.967,194599,27,0,0,0,0,393991.8539201189,306919654.2037726,1720116033298.6677,29740301.766145226,23167695075.82713,129842202050855.16,746089.2951906493,28351393.217244674,26969635842.551594
27,1.215,254633,27,0,0,0,0,450689.53148034133,351537834.5546662,1967651003425.015,29740301.766145226,23197435377.593277,129842231791156.92,746089.2951906493,28351393.217244674,26969635842.551594
27,1.227,258035,27,0,0,0,0,453690.3924147342,353878506.08349264,1980752366150.9307,29740301.766145226,23197435377.593277,129842231791156.92,746089.2951906493,28351393.217244674,26969635842.551594
27,1.166,253035,27,0,0,0,0,449273.0376302296,350432969.35157907,1961466778252.6152,29740301.766145226,23197435377.593277,129842231791156.92,746089.2951906493,28351393.217244674,26969635842.551594
27,0.914,188547,27,0,0,0,0,387816.5606210191,302109100.7237739,1693155524068.807,29740301.766145226,23167695075.82713,129842202050855.16,746089.2951906493,28351393.217244674,26969635842.551594
27,0.997,201431,27,0,0,0,0,400848.74491198227,312261172.2864342,1750052307402.6414,29740301.766145226,23167695075.82713,129842202050855.16,746089.2951906493,28351393.217244674,26969635842.551594
27,1.035,213743,27,0,0,0,0,412918.22500017594,322076215.5001372,1802746465145.068,29740301.766145226,23197435377.593277,129842231791156.92,746089.2951906493,28351393.217244674,26969635842.551594
27,1.47,301133,27,0,0,0,0,490118.4868970555,382292419.7797033,2139792618152.274,42087094.901553944,32827934023.212074,183746700843657.5,746089.2951906493,28351393.217244674,26969635842.551594
27,1.188,252643,27,0,0,0,0,448924.87965750066,350161406.1328505,1959946766500.533,29740301.766145226,23197435377.593277,129842231791156.92,746089.2951906493,28351393.217244674,26969635842.551594
27,1.267,253723,27,0,0,0,0,449883.4390099768,350909082.4277819,1964131710103.6094,29740301.766145226,23197435377.593277,129842231791156.92,746089.2951906493,28351393.217244674,26969635842.551594
27,1.289,252529,27,0,0,0,0,448823.5789464889,350082391.5782614,1959504500967.9497,29740301.766145226,23197435377.593277,129842231791156.92,746089.2951906493,28351393.217244674,26969635842.551594
28,1.481,295755,28,0,0,0,0,494635.49264116783,385815684.2601109,2314838706385.4897,44446993.954552926,34668655284.551285,208006953643984.78,1055129.5999999999,40094924.8,39544147148.799995
28,1.349,257851,28,0,0,0,0,461851.3377638393,360244043.45579463,2161412533384.9382,31407943.49793312,24498195928.387833,146985657880655.22,1055129.5999999999,40094924.8,39544147148.799995
28,1.29,266999,28,0,0,0,0,469973.0847957095,366579006.14065343,2199421399858.4233,44446993.954552926,34668655284.551285,208006953643984.78,1055129.5999999999,40094924.8,39544147148.799995
28,2.238,420675,28,0,0,0,0,589923.6938437204,460140481.1981019,2760776815734.901,44446993.954552926,34668655284.551285,208006953643984.78,1055129.5999999999,40094924.8,39544147148.799995
28,1.439,273265,27,0,0,0,0,475456.09542611137,370855754.43236685,2225081275511.5137,44446993.954552926,34668655284.551285,208006953643984.78,1055129.5999999999,40094924.8,39544147148.799995
28,1.808,374095,28,0,0,0,0,556304.3003303878,433917354.25770247,2603441819464.5776,44446993.954552926,34668655284.551285,208006953643984.78,1055129.5999999999,40094924.8,39544147148.799995
28,1.46,285979,28,0,0,0,0,486391.47880894295,379385353.4709755,2276257644980.2266,44446993.954552926,34668655284.551285,208006953643984.78,1055129.5999999999,40094924.8,39544147148.799995
28,1.611,322161,28,0,0,0,0,516245.82842591335,402671746.1722124,2415972657500.4907,44446993.954552926,34668655284.551285,208006953643984.78,1055129.5999999999,40094924.8,39544147148.799995
28,1.591,305343,28,0,0,0,0,502589.6395431863,392019918.8436853,2352063223022.483,44446993.954552926,34668655284.551285,208006953643984.78,1055129.5999999999,40094924.8,39544147148.799995
28,1.614,323163,28,0,0,0,0,517048.06665683206,403297491.992329,2419727042570.5083,44446993.954552926,34668655284.551285,208006953643984.78,1055129.5999999999,40094924.8,39544147148.799995
28,1.326,274757,28,0,0,0,0,476752.36294368893,371866843.0960774,2231147662311.8145,44446993.954552926,34668655284.551285,208006953643984.78,1055129.5999999999,40094924.8,39544147148.799995
28,2.617,520375,28,0,0,0,0,656118.6870306741,511772575.8839258,3070561970010.6074,44446993.954552926,34668655284.551285,208006953643984.78,1055129.5999999999,40094924.8,39544147148.799995
28,1.605,314927,28,0,0,0,0,510416.6117021773,398124957.1276983,2388692576105.679,44446993.954552926,34668655284.551285,208006953643984.78,1055129.5999999999,40094924.8,39544147148.799995
28,1.524,306535,28,0,0,0,0,503569.7351726559,392784393.4346716,2356649960797.6904,44446993.954552926,34668655284.551285,208006953643984.78,1055129.5999999999,40094924.8,39544147148.799995
28,1.289,250633,28,0,0,0,0,455340.84919856675,355165862.37488204,2130944176074.1821,31407943.49793312,24498195928.387833,146985657880655.22,1055129.5999999999,40094924.8,39544147148.799995
28,1.855,358123,28,0,0,0,0,544298.5488932458,424552868.1367317,2547256247382.914,44446993.954552926,34668655284.551285,208006953643984.78,1055129.5999999999,40094924.8,39544147148.799995
28,1.115,239301,28,0,0,0,0,444927.4807953798,347043435.02039623,2082210778244.5283,31407943.49793312,24498195928.387833,146985657880655.22,1055129.5999999999,40094924.8,39544147148.799995
28,1.528,304659,28,0,0,0,0,502026.37170950655,391580569.9334151,2349427192646.8594,44446993.954552926,34668655284.551285,208006953643984.78,1055129.5999999999,40094924.8,39544147148.799995
28,1.426,277641,28,0,0,0,0,479248.0785608458,373813501.27745974,2242827331879.9595,44446993.954552926,34668655284.551285,208006953643984.78,1055129.5999999999,40094924.8,39544147148.799995
28,1.572,301189,28,0,0,0,0,499159.06714099564,389344072.3699766,2336008528404.34,44446993.954552926,34668655284.551285,208006953643984.78,1055129.5999999999,40094924.8,39544147148.799995
28,1.65,308273,28,0,0,0,0,504995.35872409714,393896379.80479574,2363321719348.5977,44446993.954552926,34668655284.551285,208006953643984.78,1055129.5999999999,40094924.8,39544147148.799995
28,2.109,422921,28,0,0,0,0,591496.4713636131,461367247.66361827,2768137238376.917,44446993.954552926,34668655284.551285,208006953643984.78,1055129.5999999999,40094924.8,39544147148.799995
28,1.29,247331,28,0,0,0,0,452331.27613378386,352818395.38435143,2116859711203.1814,31407943.49793312,24498195928.387833,146985657880655.22,1055129.5999999999,40094924.8,39544147148.799995
28,1.82,335227,28,0,0,0,0,526611.0270153723,410756601.0719904,2464480625996.9165,44446993.954552926,34668655284.551285,208006953643984.78,1055129.5999999999,40094924.8,39544147148.799995
28,1.756,332319,28,0,0,0,0,524321.8506975333,408971043.544076,2453767537217.1777,44446993.954552926,34668655284.551285,208006953643984.78,1055129.5999999999,40094924.8,39544147148.799995
28,1.664,324581,28,0,0,0,0,518181.24744342855,404181373.0058743,2425030201735.5317,44446993.954552926,34668655284.551285,208006953643984.78,1055129.5999999999,40094924.8,39544147148.799995
28,1.674,323515,28,0,0,0,0,517329.5955980652,403517084.5664908,2421044566484.2383,44446993.954552926,34668655284.551285,208006953643984.78,1055129.5999999999,40094924.8,39544147148.799995
28,1.671,327493,28,0,0,0,0,520500.60882697464,405990474.8850402,2435884553242.0527,44446993.954552926,34668655284.551285,208006953643984.78,1055129.5999999999,40094924.8,39544147148.799995
28,1.951,367409,28,0,0,0,0,551310.4163490508,430022124.7522596,2580071001746.927,44446993.954552926,34668655284.551285,208006953643984.78,1055129.5999999999,40094924.8,39544147148.799995
28,1.524,302935,28,0,0,0,0,500603.8615703063,390471012.0248389,2342770004516.5376,44446993.954552926,34668655284.551285,208006953643984.78,1055129.5999999999,40094924.8,39544147148.799995
29,1.967,362029,29,0,0,0,0,556946.0774941288,434417940.4454205,2787419323132.7856,46849427.02091805,36542553076.31608,234473324138247.25,1492178.5903812987,56702786.43448935,57908466735.51744
29,2.358,452943,29,0,0,0,0,622967.1480741001,485914375.4977981,3117843425761.4023,46849427.02091805,36542553076.31608,234473324138247.25,1492178.5903812987,56702786.43448935,57908466735.51744
29,2.237,406837,29,0,0,0,0,590408.6432663109,460518741.7477225,2954893709261.244,46849427.02091805,36542553076.31608,234473324138247.25,1492178.5903812987,56702786.43448935,57908466735.51744
29,4.402,774555,29,0,0,0,0,814654.1430973618,636244885.7590395,4077204680343.826,66286347.40449543,51769637322.910934,331751833794093.5,1492178.5903812987,56702786.43448935,57908466735.51744
29,1.767,329625,29,0,0,0,0,531435.644780027,414519802.928421,2659743995193.133,46849427.02091805,36542553076.31608,234473324138247.25,1492178.5903812987,56702786.43448935,57908466735.51744
29,2.743,508087,29,0,0,0,0,659801.5097685897,514645177.6195,3302193070532.1113,46849427.02091805,36542553076.31608,234473324138247.25,1492178.5903812987,56702786.43448935,57908466735.51744
29,3.078,547689,29,0,0,0,0,685033.5311879917,534326154.3266336,3428474997828.534,66286347.40449543,51703350975.50644,331751767507746.06,1492178.5903812987,56702786.43448935,57908466735.51744
29,2.429,447087,29,0,0,0,0,618926.7954562835,482762900.45590115,3097622155849.8804,46849427.02091805,36542553076.31608,234473324138247.25,1492178.5903812987,56702786.43448935,57908466735.51744
29,2.746,468577,29,0,0,0,0,633627.6523312335,494229568.8183621,3171197415961.6226,46849427.02091805,36542553076.31608,234473324138247.25,1492178.5903812987,56702786.43448935,57908466735.51744
29,2.037,361147,29,0,0,0,0,556267.2005517908,433888416.4303968,2784021660803.218,46849427.02091805,36542553076.31608,234473324138247.25,1492178.5903812987,56702786.43448935,57908466735.51744
29,3.036,572261,29,0,0,0,0,700232.4159955934,546181284.4765629,3504542802082.394,66286347.40449543,51703350975.50644,331751767507746.06,1492178.5903812987,56702786.43448935,57908466735.51744
29,2.621,469085,29,0,0,0,0,633971.04021428,494497411.3671384,3172916013253.5547,46849427.02091805,36542553076.31608,234473324138247.25,1492178.5903812987,56702786.43448935,57908466735.51744
29,2.067,381681,29,0,0,0,0,571863.2755271342,446053354.91116464,2862077333529.916,46849427.02091805,36542553076.31608,234473324138247.25,1492178.5903812987,56702786.43448935,57908466735.51744
29,3.054,576147,29,0,0,0,0,702605.9732394114,548032659.1267408,3516422047835.857,66286347.40449543,51703350975.50644,331751767507746.06,1492178.5903812987,56702786.43448935,57908466735.51744
29,2.738,487011,29,0,0,0,0,645971.4513064644,503857732.0190422,3232976006699.2295,46849427.02091805,36542553076.31608,234473324138247.25,1492178.5903812987,56702786.43448935,57908466735.51744
29,3.349,637543,29,0,0,0,0,739095.6183328233,576494582.2996022,3699046445309.4272,66286347.40449543,51703350975.50644,331751767507746.06,1492178.5903812987,56702786.43448935,57908466735.51744
29,2.135,388685,29,0,0,0,0,577086.5935245687,450127542.9491636,2888219141696.3804,46849427.02091805,36542553076.31608,234473324138247.25,1492178.5903812987,56702786.43448935,57908466735.51744
29,3.149,588829,29,0,0,0,0,710296.9250507869,554031601.5396138,3554913938808.08,66286347.40449543,51703350975.50644,331751767507746.06,1492178.5903812987,56702786.43448935,57908466735.51744
29,3.622,655203,29,0,0,0,0,749262.520087413,585174028.1882696,3749930789146.5674,66286347.40449543,51769637322.910934,331751833794093.5,1492178.5903812987,56702786.43448935,57908466735.51744
29,4.36,733647,29,0,0,0,0,792848.804323167,619214916.1763934,3968072688491.911,66286347.40449543,51769637322.910934,331751833794093.5,1492178.5903812987,56702786.43448935,57908466735.51744
29,2.706,487367,29,0,0,0,0,646207.5157983375,504041862.32270324,3234157468877.962,46849427.02091805,36542553076.31608,234473324138247.25,1492178.5903812987,56702786.43448935,57908466735.51744
29,1.918,344273,29,0,0,0,0,543115.8721011997,423630380.23893577,2718201523936.503,46849427.02091805,36542553076.31608,234473324138247.25,1492178.5903812987,56702786.43448935,57908466735.51744
29,3.184,576433,29,0,0,0,0,702780.3444946044,548168668.7057915,3517294745976.2417,66286347.40449543,51703350975.50644,331751767507746.06,1492178.5903812987,56702786.43448935,57908466735.51744
29,2.804,484895,29,0,0,0,0,644566.5423364618,502761903.02244025,3225944678948.7095,46849427.02091805,36542553076.31608,234473324138247.25,1492178.5903812987,56702786.43448935,57908466735.51744
29,2.962,546705,29,0,0,0,0,684417.8545316985,533845926.53472483,3425393642060.1714,66286347.40449543,51703350975.50644,331751767507746.06,1492178.5903812987,56702786.43448935,57908466735.51744
29,2.262,403055,29,0,0,0,0,587657.8778900381,458373144.7542297,2941126601684.6436,46849427.02091805,36542553076.31608,234473324138247.25,1492178.5903812987,56702786.43448935,57908466735.51744
29,2.847,545121,29,0,0,0,0,683425.6002714571,533071968.21173656,3420427580155.396,66286347.40449543,51703350975.50644,331751767507746.06,1492178.5903812987,56702786.43448935,57908466735.51744
29,3.261,612171,29,0,0,0,0,724239.1301489827,564906521.5162065,3624692277265.273,66286347.40449543,51703350975.50644,331751767507746.06,1492178.5903812987,56702786.43448935,57908466735.51744
29,2.011,379847,29,0,0,0,0,570487.6472222634,444980364.83336544,2855192550472.106,46849427.02091805,36542553076.31608,234473324138247.25,1492178.5903812987,56702786.43448935,57908466735.51744
29,2.585,463783,29,0,0,0,0,630377.8866767565,491694751.6078701,3154932897820.658,46849427.02091805,36542553076.31608,234473324138247.25,1492178.5903812987,56702786.43448935,57908466735.51744
30,5.744,1028311,30,0,0,0,0,954712.9353995343,749449654.2886344,5098824872246.004,69744561.9274181,54749481113.02321,372484014695580.6,2110259.1999999997,80189849.6,84701583769.59999
30,4.386,756359,29,0,0,0,0,818790.5458938193,642750578.5266482,4372905661759.1157,69744561.9274181,54749481113.02321,372484014695580.6,2110259.1999999997,80189849.6,84701583769.59999
30,3.454,594393,30,0,0,0,0,725845.3712958888,569062771.0959768,3876513664335.4976,69744561.9274181,54679736551.09579,372483944951018.7,2110259.1999999997,80189849.6,84701583769.59999
30,4.37,765793,30,0,0,0,0,823881.2162123509,646746754.7266954,4400093348731.924,69744561.9274181,54749481113.02321,372484014695580.6,2110259.1999999997,80189849.6,84701583769.59999
30,4.456,742973,30,0,0,0,0,811512.5422430712,637037345.660811,4334036107719.606,69744561.9274181,54749481113.02321,372484014695580.6,2110259.1999999997,80189849.6,84701583769.59999
30,4.398,755473,30,0,0,0,0,818310.8257004863,642373998.1748817,4370343625399.5044,69744561.9274181,54749481113.02321,372484014695580.6,2110259.1999999997,80189849.6,84701583769.59999
30,4.895,844181,30,0,0,0,0,865022.2297768837,679042450.3748537,4619814707324.875,69744561.9274181,54749481113.02321,372484014695580.6,2110259.1999999997,80189849.6,84701583769.59999
30,3.606,604721,30,0,0,0,0,732124.4517169175,573985570.1460633,3910048273791.1206,69744561.9274181,54679736551.09579,372483944951018.7,2110259.1999999997,80189849.6,84701583769.59999
30,4.902,852527,30,0,0,0,0,869287.8498033287,682390962.0956131,4642596057278.29,69744561.9274181,54749481113.02321,372484014695580.6,2110259.1999999997,80189849.6,84701583769.59999
30,3.877,666431,30,0,0,0,0,768573.8937111209,603330506.5632299,4104714139830.153,69744561.9274181,54749481113.02321,372484014695580.6,2110259.1999999997,80189849.6,84701583769.59999
30,2.861,493525,30,0,0,0,0,661394.3899675749,518533201.73457867,3532301081767.1475,49293654.100799575,38646224815.02687,263262026932291.1,2110259.1999999997,80189849.6,84701583769.59999
30,2.895,523097,29,0,0,0,0,680922.1720292025,533842982.87089473,3636592873090.2974,49293654.100799575,38646224815.02687,263262026932291.1,2110259.1999999997,80189849.6,84701583769.59999
30,3.605,637585,30,0,0,0,0,751755.8013098842,590128304.028259,4014893938741.884,69744561.9274181,54749481113.02321,372484014695580.6,2110259.1999999997,80189849.6,84701583769.59999
30,4.446,760643,30,0,0,0,0,821106.1421817945,644568321.6127087,4385272541382.746,69744561.9274181,54749481113.02321,372484014695580.6,2110259.1999999997,80189849.6,84701583769.59999
30,6.396,1079235,30,0,0,0,0,978067.4963236485,767782984.6140641,5223554318873.25,98666798.82295099,77453437076.01653,526948687138947.3,2110259.1999999997,80189849.6,84701583769.59999
30,5.355,932153,30,0,0,0,0,908978.5621261715,713548171.2690446,4854571807983.061,69744561.9274181,54749481113.02321,372484014695580.6,2110259.1999999997,80189849.6,84701583769.59999
30,3.585,629897,30,0,0,0,0,747209.5807938501,585812311.3423785,3990613241630.7456,69744561.9274181,54679736551.09579,372483944951018.7,2110259.1999999997,80189849.6,84701583769.59999
30,2.954,498263,30,0,0,0,0,664561.7169139653,521016386.0605488,3549216786781.8115,49293654.100799575,38646224815.02687,263262026932291.1,2110259.1999999997,80189849.6,84701583769.59999
30,5.352,906533,30,0,0,0,0,896399.6840345091,703673751.9670897,4787391932126.578,69744561.9274181,54749481113.02321,372484014695580.6,2110259.1999999997,80189849.6,84701583769.59999
30,5.804,966377,30,0,0,0,0,925515.1424610321,726529386.8319103,4942888540675.067,69744561.9274181,54749481113.02321,372484014695580.6,2110259.1999999997,80189849.6,84701583769.59999
30,4.744,807333,30,0,0,0,0,845932.2333607692,664056803.1882038,4517860973455.293,69744561.9274181,54749481113.02321,372484014695580.6,2110259.1999999997,80189849.6,84701583769.59999
30,3.766,626953,30,0,0,0,0,745461.3353522233,584441686.9161431,3981276408179.5947,69744561.9274181,54679736551.09579,372483944951018.7,2110259.1999999997,80189849.6,84701583769.59999
30,4.114,708591,30,0,0,0,0,792512.7203009067,622122485.4362117,4232563967671.129,69744561.9274181,54749481113.02321,372484014695580.6,2110259.1999999997,80189849.6,84701583769.59999
30,5.716,1021981,30,0,0,0,0,951769.8531739173,747139334.741525,5083106785377.555,69744561.9274181,54749481113.02321,372484014695580.6,2110259.1999999997,80189849.6,84701583769.59999
30,3.635,668397,30,0,0,0,0,769706.755695013,604219803.2205852,4110764403366.043,69744561.9274181,54749481113.02321,372484014695580.6,2110259.1999999997,80189849.6,84701583769.59999
30,3.764,631237,30,0,0,0,0,748003.9643913554,587183112.047214,3994856544581.3037,69744561.9274181,54749481113.02321,372484014695580.6,2110259.1999999997,80189849.6,84701583769.59999
30,2.877,508517,30,0,0,0,0,671365.2997973609,526350395.04113096,3585552600244.168,49293654.100799575,38646224815.02687,263262026932291.1,2110259.1999999997,80189849.6,84701583769.59999
30,5.482,961381,30,0,0,0,0,923119.6072205476,724648891.6681299,4930094731967.1,69744561.9274181,54749481113.02321,372484014695580.6,2110259.1999999997,80189849.6,84701583769.59999
30,3.659,656099,30,0,0,0,0,762592.6572704798,598635235.9573267,4072770216165.2217,69744561.9274181,54749481113.02321,372484014695580.6,2110259.1999999997,80189849.6,84701583769.59999
30,3.199,530995,30,0,0,0,0,686043.5513516372,537858144.2596836,3663944562181.0728,69744561.9274181,54679736551.09579,372483944951018.7,2110259.1999999997,80189849.6,84701583769.59999
31,4.362,771353,31,0,0,0,0,840535.2888278086,666544484.0404522,4780518398614.208,73260911.9791859,58095903199.494415,416669165793348.44,2984357.1807625974,113405572.8689787,123755323571.86339
31,6.448,1075669,31,0,0,0,0,992591.4070092475,787124985.7583332,5645332857031.478,103641257.306853,82187517044.33443,589456438053749.9,2984357.1807625974,113405572.8689787,123755323571.86339
31,5.043,803161,31,0,0,0,0,857691.1097364457,680149050.0210015,4878091598201.633,73260911.9791859,58095903199.494415,416669165793348.44,2984357.1807625974,113405572.8689787,123755323571.86339
31,6.595,1121217,30,0,0,0,0,1013389.0987715644,803617555.3258506,5763619084201.211,103641257.306853,82187517044.33443,589456438053749.9,2984357.1807625974,113405572.8689787,123755323571.86339
31,4.436,745269,31,0,0,0,0,826200.9448690655,655177349.2811689,4698992261713.52,73260911.9791859,58095903199.494415,416669165793348.44,2984357.1807625974,113405572.8689787,123755323571.86339
31,8.965,1523441,31,0,0,0,0,1181260.3078408858,936739424.1178224,6718381381775.495,103641257.306853,82187517044.33443,589456438053749.9,2984357.1807625974,113405572.8689787,123755323571.86339
31,7.01,1196663,31,0,0,0,0,1046929.9847557103,830215477.9112782,5954381833468.575,103641257.306853,82187517044.33443,589456438053749.9,2984357.1807625974,113405572.8689787,123755323571.86339
31,5.423,962535,31,0,0,0,0,938942.2360527513,744581193.1898317,5340204860340.705,73260911.9791859,58095903199.494415,416669165793348.44,2984357.1807625974,113405572.8689787,123755323571.86339
31,6.29,1073721,31,0,0,0,0,991692.2042481324,786411917.968769,5640218669202.922,103641257.306853,82187517044.33443,589456438053749.9,2984357.1807625974,113405572.8689787,123755323571.86339
31,6.187,1048849,31,0,0,0,0,980138.7087558795,777249996.0434124,5574508521749.094,103641257.306853,82187517044.33443,589456438053749.9,2984357.1807625974,113405572.8689787,123755323571.86339
31,5.243,864099,31,0,0,0,0,889634.8182706328,705480410.8886118,5059770450234.857,73260911.9791859,58095903199.494415,416669165793348.44,2984357.1807625974,113405572.8689787,123755323571.86339
31,6.011,1022387,31,0,0,0,0,967695.196490299,767382290.816807,5503736431487.484,73260911.9791859,58095903199.494415,416669165793348.44,2984357.1807625974,113405572.8689787,123755323571.86339
31,4.314,735035,31,0,0,0,0,820508.5004759236,650663240.8774074,4666616660693.301,73260911.9791859,58095903199.494415,416669165793348.44,2984357.1807625974,113405572.8689787,123755323571.86339
31,5.082,868761,31,0,0,0,0,892031.5375527442,707381009.2793261,5073401716853.568,73260911.9791859,58095903199.494415,416669165793348.44,2984357.1807625974,113405572.8689787,123755323571.86339
31,4.393,727839,31,0,0,0,0,816482.1159017108,647470317.9100567,4643716723245.388,73260911.9791859,58095903199.494415,416669165793348.44,2984357.1807625974,113405572.8689787,123755323571.86339
31,3.328,567651,30,0,0,0,0,721054.5146304888,571075175.5873471,4100974478216.437,73260911.9791859,58022642287.51523,416669092532436.44,2984357.1807625974,113405572.8689787,123755323571.86339
31,5.118,858045,31,0,0,0,0,886512.8060244732,703004655.1774073,5042014102367.204,73260911.9791859,58095903199.494415,416669165793348.44,2984357.1807625974,113405572.8689787,123755323571.86339
31,4.588,748847,31,0,0,0,0,828181.9004397319,656748247.0487074,4710258885112.062,73260911.9791859,58095903199.494415,416669165793348.44,2984357.1807625974,113405572.8689787,123755323571.86339
31,7.263,1177891,31,0,0,0,0,1038685.7725875723,823677817.6619449,5907493132332.867,103641257.306853,82187517044.33443,589456438053749.9,2984357.1807625974,113405572.8689787,123755323571.86339
31,7.139,1199041,31,0,0,0,0,1047969.7171413265,831039985.693072,5960295279180.063,103641257.306853,82187517044.33443,589456438053749.9,2984357.1807625974,113405572.8689787,123755323571.86339
31,6.903,1184815,31,0,0,0,0,1041734.221562256,826095237.698869,5924831091374.463,103641257.306853,82187517044.33443,589456438053749.9,2984357.1807625974,113405572.8689787,123755323571.86339
31,7.386,1221987,31,0,0,0,0,1057949.8932913067,838954265.3800062,6017057221647.614,103641257.306853,82187517044.33443,589456438053749.9,2984357.1807625974,113405572.8689787,123755323571.86339
31,4.782,828087,31,0,0,0,0,870898.9411567125,690622860.337273,4953210729961.626,73260911.9791859,58095903199.494415,416669165793348.44,2984357.1807625974,113405572.8689787,123755323571.86339
31,5.098,841891,31,0,0,0,0,878127.96290235,696355474.5815636,4994325567040.266,73260911.9791859,58095903199.494415,416669165793348.44,2984357.1807625974,113405572.8689787,123755323571.86339
31,6.174,990407,31,0,0,0,0,952439.9669461171,755284893.7882708,5416972786367.065,73260911.9791859,58095903199.494415,416669165793348.44,2984357.1807625974,113405572.8689787,123755323571.86339
31,3.6,626501,31,0,0,0,0,757511.0063933999,600706228.0699661,4308320366021.2637,73260911.9791859,58095903199.494415,416669165793348.44,2984357.1807625974,113405572.8689787,123755323571.86339
31,6.133,1025213,31,0,0,0,0,969031.7179829146,768442152.3604513,5511337856044.569,73260911.9791859,58095903199.494415,416669165793348.44,2984357.1807625974,113405572.8689787,123755323571.86339
31,8.843,1445473,31,0,0,0,0,1150634.9422580071,912453509.2105997,6544200564409.205,103641257.306853,82187517044.33443,589456438053749.9,2984357.1807625974,113405572.8689787,123755323571.86339
31,3.112,494547,30,0,0,0,0,673023.4468603936,533034569.91343176,3827799317268.1895,51778972.52760548,41008946241.86354,294491249323635.3,2984357.1807625974,113405572.8689787,123755323571.86339
31,6.331,1023715,31,0,0,0,0,968323.4872962157,767880525.425899,5507309815969.121,73260911.9791859,58095903199.494415,416669165793348.44,2984357.1807625974,113405572.8689787,123755323571.86339
32,5.67,980531,32,0,0,0,0,962843.4504203977,782791725.1917833,6595370759756.728,76834451.95522204,62466409439.59552,526307467269103.94,4220518.399999999,160379699.2,180629746483.19998
32,9.422,1572901,31,0,0,0,0,1219489.0161931831,991444570.1650579,8353364397642.507,108696617.76078516,88370350239.51834,744559766336806.9,4220518.399999999,160379699.2,180629746483.19998
32,6.408,1029119,32,0,0,0,0,986411.353196511,801952430.1487635,6756808277735.8955,76834451.95522204,62466409439.59552,526307467269103.94,4220518.399999999,160379699.2,180629746483.19998
32,11.497,1884093,32,0,0,0,0,1334685.903206532,1085099639.3069105,9142450286829.488,108696617.76078516,88370350239.51834,744559766336806.9,4220518.399999999,160379699.2,180629746483.19998
32,8.501,1404043,31,0,0,0,0,1152170.9595465693,936714990.1113608,7892243181917.49,108696617.76078516,88370350239.51834,744559766336806.9,4220518.399999999,160379699.2,180629746483.19998
32,6.964,1146263,32,0,0,0,0,1041041.2356066164,846366524.5481791,7131016908328.17,108696617.76078516,88370350239.51834,744559766336806.9,4220518.399999999,160379699.2,180629746483.19998
32,8.691,1412015,32,0,0,0,0,1155437.3441269875,939370560.7752409,7914617553724.666,108696617.76078516,88370350239.51834,744559766336806.9,4220518.399999999,160379699.2,180629746483.19998
32,7.097,1156993,31,0,0,0,0,1045902.5105396775,850318741.0687578,7164316102018.121,108696617.76078516,88370350239.51834,744559766336806.9,4220518.399999999,160379699.2,180629746483.19998
32,7.709,1260825,32,0,0,0,0,1091826.5405457967,887654977.4637327,7478890609992.707,108696617.76078516,88370350239.51834,744559766336806.9,4220518.399999999,160379699.2,180629746483.19998
32,9.011,1434219,32,0,0,0,0,1164486.7404916224,946727720.019689,7976604914339.419,108696617.76078516,88370350239.51834,744559766336806.9,4220518.399999999,160379699.2,180629746483.19998
32,10.791,1841307,32,0,0,0,0,1319443.8742494073,1072707869.7647681,9038044080338.398,108696617.76078516,88370350239.51834,744559766336806.9,4220518.399999999,160379699.2,180629746483.19998
32,10.463,1764497,32,0,0,0,0,1291629.9841485855,1050095177.1128,8847522020489.57,108696617.76078516,88370350239.51834,744559766336806.9,4220518.399999999,160379699.2,180629746483.19998
32,6.488,1058069,32,0,0,0,0,1000189.7477579695,813154264.9272293,6851188751080.09,108696617.76078516,88370350239.51834,744559766336806.9,4220518.399999999,160379699.2,180629746483.19998
32,9.32,1487301,32,0,0,0,0,1185840.834915926,964088598.7866478,8122878090841.417,108696617.76078516,88370350239.51834,744559766336806.9,4220518.399999999,160379699.2,180629746483.19998
32,9.012,1478611,32,0,0,0,0,1182371.3779794818,961267930.2973187,8099112695936.495,108696617.76078516,88370350239.51834,744559766336806.9,4220518.399999999,160379699.2,180629746483.19998
32,8.654,1370281,31,0,0,0,0,1138233.6801754362,925383981.9826297,7796774365263.238,108696617.76078516,88370350239.51834,744559766336806.9,4220518.399999999,160379699.2,180629746483.19998
32,7.195,1182407,32,0,0,0,0,1057327.283514371,859607081.4971836,7242574528744.971,108696617.76078516,88370350239.51834,744559766336806.9,4220518.399999999,160379699.2,180629746483.19998
32,6.632,1094331,32,0,0,0,0,1017184.9391850035,826971355.5574079,6967603925889.024,108696617.76078516,88370350239.51834,744559766336806.9,4220518.399999999,160379699.2,180629746483.19998
32,9.514,1606389,32,0,0,0,0,1232402.711991186,1001943404.8488343,8441821780438.593,108696617.76078516,88370350239.51834,744559766336806.9,4220518.399999999,160379699.2,180629746483.19998
32,9.436,1511493,32,0,0,0,0,1195446.3880728632,971897913.5032378,8188675063750.037,108696617.76078516,88370350239.51834,744559766336806.9,4220518.399999999,160379699.2,180629746483.19998
32,7.624,1220861,31,0,0,0,0,1074383.1861906862,873473530.3730279,7359405568872.533,108696617.76078516,88370350239.51834,744559766336806.9,4220518.399999999,160379699.2,180629746483.19998
32,12.232,2006671,32,0,0,0,0,1377419.493227798,1121219467.4874277,9435172012466.162,108696617.76078516,88479046857.27913,744559875033424.6,4220518.399999999,160379699.2,180629746483.19998
32,11.007,1835683,32,0,0,0,0,1317427.2749857178,1071068374.5633886,9024230599224.645,108696617.76078516,88370350239.51834,744559766336806.9,4220518.399999999,160379699.2,180629746483.19998
32,8.914,1429881,32,0,0,0,0,1162724.2938685906,945294850.9151641,7964532350603.227,108696617.76078516,88370350239.51834,744559766336806.9,4220518.399999999,160379699.2,180629746483.19998
32,8.557,1367877,31,0,0,0,0,1137234.7718284118,924571869.4964988,7789931953964.948,108696617.76078516,88370350239.51834,744559766336806.9,4220518.399999999,160379699.2,180629746483.19998
32,8.275,1369881,32,0,0,0,0,1138067.5332679427,925248904.5468374,7795636277389.215,108696617.76078516,88370350239.51834,744559766336806.9,4220518.399999999,160379699.2,180629746483.19998
32,8.677,1355309,32,0,0,0,0,1131998.175886894,920314516.9960449,7754061853027.701,108696617.76078516,88370350239.51834,744559766336806.9,4220518.399999999,160379699.2,180629746483.19998
32,6.447,1033085,32,0,0,0,0,988310.276775072,803496255.0181335,6769815693468.521,76834451.95522204,62466409439.59552,526307467269103.94,4220518.399999999,160379699.2,180629746483.19998
32,6.962,1140671,32,0,0,0,0,1038498.7350260995,844299471.5762188,7113601061569.193,108696617.76078516,88370350239.51834,744559766336806.9,4220518.399999999,160379699.2,180629746483.19998
32,5.712,948327,32,0,0,0,0,946899.5265289308,769829315.0680207,6486156650875.731,76834451.95522204,62466409439.59552,526307467269103.94,4220518.399999999,160379699.2,180629746483.19998
33,10.072,1576245,32,0,0,0,0,1239713.0534479858,1027722121.3083802,9012125034866.469,113831605.74308848,94366401161.02036,827501703739525.2,5968714.361525195,238748574.46100777,263387427345.3838
33,11.011,1775481,33,0,0,0,0,1315733.0778042707,1090742721.4997404,9564754502425.09,113831605.74308848,94366401161.02036,827501703739525.2,5968714.361525195,238748574.46100777,263387427345.3838
33,11.425,1864215,33,0,0,0,0,1348211.2924131495,1117667161.410501,9800855695479.701,113831605.74308848,94366401161.02036,827501703739525.2,5968714.361525195,238748574.46100777,263387427345.3838
33,16.539,2712775,33,0,0,0,0,1626365.3589718465,1349883247.9466326,11822905262545.172,161020443.30426857,133646967942.54291,1170542299131906.2,5968714.361525195,238748574.46100777,263387427345.3838
33,8.039,1313003,33,0,0,0,0,1131465.7226657798,937985084.0899314,8225218357561.952,113831605.74308848,94366401161.02036,827501703739525.2,5968714.361525195,238748574.46100777,263387427345.3838
33,15.769,2546209,33,0,0,0,0,1575643.8364748873,1307784384.2741566,11454183835993.941,161020443.30426857,133646967942.54291,1170542299131906.2,5968714.361525195,238748574.46100777,263387427345.3838
33,15.783,2435135,33,0,0,0,0,1540892.740001059,1278940974.2008789,11201559836648.938,161020443.30426857,133646967942.54291,1170542299131906.2,5968714.361525195,238748574.46100777,263387427345.3838
33,8.933,1388001,33,0,0,0,0,1163331.9980692593,964402226.399416,8456871043264.433,113831605.74308848,94366401161.02036,827501703739525.2,5968714.361525195,238748574.46100777,263387427345.3838
33,15.188,2431395,33,0,0,0,0,1539708.9782520218,1277958451.9491782,11192954449836.508,161020443.30426857,133646967942.54291,1170542299131906.2,5968714.361525195,238748574.46100777,263387427345.3838
33,13.831,2219249,33,0,0,0,0,1471003.1274722575,1220932595.8019738,10693495481240.89,161020443.30426857,133646967942.54291,1170542299131906.2,5968714.361525195,238748574.46100777,263387427345.3838
33,22.375,3555075,33,0,0,0,0,1861814.4144388067,1545305963.9842095,13534508292937.682,161020443.30426857,133646967942.54291,1170542299131906.2,5968714.361525195,238748574.46100777,263387427345.3838
33,11.644,1831475,33,0,0,0,0,1336319.7678096092,1107809087.514166,9714409960086.148,113831605.74308848,94366401161.02036,827501703739525.2,5968714.361525195,238748574.46100777,263387427345.3838
33,17.686,2798719,33,0,0,0,0,1651927.4552119982,1371099787.8259585,12008729585777.457,161020443.30426857,133646967942.54291,1170542299131906.2,5968714.361525195,238748574.46100777,263387427345.3838
33,12.53,1992705,33,0,0,0,0,1393900.293026909,1156937243.2123344,10132994421566.734,113831605.74308848,94480232766.76344,827501817571131.0,5968714.361525195,238748574.46100777,263387427345.3838
33,10.382,1664751,33,0,0,0,0,1274043.253284875,1056181856.9731615,9261689280835.732,113831605.74308848,94366401161.02036,827501703739525.2,5968714.361525195,238748574.46100777,263387427345.3838
33,8.796,1392207,33,0,0,0,0,1165093.2971904532,965862343.3708856,8469674851258.429,113831605.74308848,94366401161.02036,827501703739525.2,5968714.361525195,238748574.46100777,263387427345.3838
33,8.16,1309207,33,0,0,0,0,1129828.9251660877,936628178.9626867,8213319617218.004,113831605.74308848,94366401161.02036,827501703739525.2,5968714.361525195,238748574.46100777,263387427345.3838
33,15.777,2486631,33,0,0,0,0,1557100.4377490915,1292393363.3317459,11319382116828.402,161020443.30426857,133646967942.54291,1170542299131906.2,5968714.361525195,238748574.46100777,263387427345.3838
33,10.003,1582687,32,0,0,0,0,1242243.8263632013,1029820132.0550939,9030522551842.951,113831605.74308848,94366401161.02036,827501703739525.2,5968714.361525195,238748574.46100777,263387427345.3838
33,7.541,1186347,33,0,0,0,0,1075508.758688034,891596760.9523802,7818437809001.631,113831605.74308848,94366401161.02036,827501703739525.2,5968714.361525195,238748574.46100777,263387427345.3838
33,13.025,2101829,33,0,0,0,0,1431558.4425840043,1188193507.3447235,10406751318883.926,161020443.30426857,133646967942.54291,1170542299131906.2,5968714.361525195,238748574.46100777,263387427345.3838
33,10.307,1669731,33,0,0,0,0,1275947.4755792737,1057760457.2552179,9275532072410.42,113831605.74308848,94366401161.02036,827501703739525.2,5968714.361525195,238748574.46100777,263387427345.3838
33,12.617,2032065,33,0,0,0,0,1407599.3956396573,1168307498.3809156,10232580404186.775,113831605.74308848,94480232766.76344,827501817571131.0,5968714.361525195,238748574.46100777,263387427345.3838
33,13.917,2215619,33,0,0,0,0,1469799.5648744327,1219933638.8457792,10684746151643.375,161020443.30426857,133646967942.54291,1170542299131906.2,5968714.361525195,238748574.46100777,263387427345.3838
33,15.219,2388557,33,0,0,0,0,1526084.6691295796,1266650275.377551,11093912180438.877,161020443.30426857,133646967942.54291,1170542299131906.2,5968714.361525195,238748574.46100777,263387427345.3838
33,10.528,1702013,33,0,0,0,0,1288223.012117955,1067936877.0457846,9364769392166.775,113831605.74308848,94366401161.02036,827501703739525.2,5968714.361525195,238748574.46100777,263387427345.3838
33,9.524,1570113,33,0,0,0,0,1237299.2569403464,1025721084.0035472,8994577880809.271,113831605.74308848,94366401161.02036,827501703739525.2,5968714.361525195,238748574.46100777,263387427345.3838
33,12.561,2006251,33,0,0,0,0,1398630.0709724126,1160862958.9071023,10167377665315.799,113831605.74308848,94480232766.76344,827501817571131.0,5968714.361525195,238748574.46100777,263387427345.3838
33,17.862,2828563,33,0,0,0,0,1660711.8448154845,1378390831.1968522,12072587934394.129,161020443.30426857,133646967942.54291,1170542299131906.2,5968714.361525195,238748574.46100777,263387427345.3838
33,14.59,2257327,33,0,0,0,0,1483569.4281518336,1231362625.3660219,10784846530754.887,161020443.30426857,133646967942.54291,1170542299131906.2,5968714.361525195,238748574.46100777,263387427345.3838
34,14.281,2155275,34,0,0,0,0,1471446.2955327206,1221300425.2921581,11332564361989.578,168394970.1424123,139767825218.2022,1296919121797309.8,8441036.799999999,337641471.99999994,383712650854.39996
34,19.833,3123061,34,0,0,0,0,1771268.7174638496,1470153035.494995,13641691717855.457,168394970.1424123,139767825218.2022,1296919121797309.8,8441036.799999999,337641471.99999994,383712650854.39996
34,16.877,2560637,34,0,0,0,0,1603864.3673211234,1331207424.8765323,12352402004578.73,168394970.1424123,139767825218.2022,1296919121797309.8,8441036.799999999,337641471.99999994,383712650854.39996
34,14.322,2139355,34,0,0,0,0,1466001.6978770616,1216781409.237961,11290631976454.871,168394970.1424123,139767825218.2022,1296919121797309.8,8441036.799999999,337641471.99999994,383712650854.39996
34,19.454,3031809,34,0,0,0,0,1745199.3950779145,1448515497.914669,13440914921101.82,168394970.1424123,139767825218.2022,1296919121797309.8,8441036.799999999,337641471.99999994,383712650854.39996
34,14.007,2204587,34,0,0,0,0,1488184.4684369073,1235193108.802633,11461475911337.107,168394970.1424123,139767825218.2022,1296919121797309.8,8441036.799999999,337641471.99999994,383712650854.39996
34,21.323,3264845,34,0,0,0,0,1811029.925871605,1503154838.4734323,13947918628589.047,168394970.1424123,139767825218.2022,1296919121797309.8,8441036.799999999,337641471.99999994,383712650854.39996
34,21.088,3324009,34,0,0,0,0,1827365.7791079634,1516713596.6596096,14073731652666.846,168394970.1424123,139767825218.2022,1296919121797309.8,8441036.799999999,337641471.99999994,383712650854.39996
34,17.573,2749585,34,0,0,0,0,1661986.2379753739,1379448577.5195603,12800036309703.04,168394970.1424123,139767825218.2022,1296919121797309.8,8441036.799999999,337641471.99999994,383712650854.39996
34,14.023,2138535,34,0,0,0,0,1465720.712378412,1216548191.274082,11288467924489.197,168394970.1424123,139767825218.2022,1296919121797309.8,8441036.799999999,337641471.99999994,383712650854.39996
34,28.489,4447813,34,0,0,0,0,2113821.898382756,1754472175.6576874,16279916423679.553,238186683.69861066,197694947469.84686,1834430472507404.8,8441036.799999999,337641471.99999994,383712650854.39996
34,19.481,2971599,34,0,0,0,0,1727782.9298287092,1434059831.7578287,13306779401515.28,168394970.1424123,139767825218.2022,1296919121797309.8,8441036.799999999,337641471.99999994,383712650854.39996
34,21.082,3134683,34,0,0,0,0,1774561.454295263,1472886007.0650682,13667051224473.111,168394970.1424123,139767825218.2022,1296919121797309.8,8441036.799999999,337641471.99999994,383712650854.39996
34,18.64,2851785,34,0,0,0,0,1692592.2467885562,1404851564.8345017,13035753077479.084,168394970.1424123,139767825218.2022,1296919121797309.8,8441036.799999999,337641471.99999994,383712650854.39996
34,22.943,3530865,33,0,0,0,0,1883367.6705371607,1563195166.5458434,14505038619792.523,168394970.1424123,139767825218.2022,1296919121797309.8,8441036.799999999,337641471.99999994,383712650854.39996
34,10.409,1603391,34,0,0,0,0,1269146.3621770097,1052122334.2447411,9774519811114.205,119045005.21237019,98688309321.05489,916842845348845.6,8441036.799999999,337641471.99999994,383712650854.39996
34,17.85,2713587,34,0,0,0,0,1651070.750086381,1370388722.5716963,12715969042402.777,168394970.1424123,139767825218.2022,1296919121797309.8,8441036.799999999,337641471.99999994,383712650854.39996
34,16.314,2496447,33,0,0,0,0,1583633.6678717136,1314415944.3335223,12196592238164.184,168394970.1424123,139767825218.2022,1296919121797309.8,8441036.799999999,337641471.99999994,383712650854.39996
34,21.206,3321851,34,0,0,0,0,1826772.4977374126,1516221173.1220524,14069162407199.344,168394970.1424123,139767825218.2022,1296919121797309.8,8441036.799999999,337641471.99999994,383712650854.39996
34,24.287,3668813,34,0,0,0,0,1919806.4367391258,1593439342.4934745,14785677243511.889,168394970.1424123,139767825218.2022,1296919121797309.8,8441036.799999999,337641471.99999994,383712650854.39996
34,17.77,2725391,34,0,0,0,0,1654657.9506967827,1373366099.0783296,12743596405983.877,168394970.1424123,139767825218.2022,1296919121797309.8,8441036.799999999,337641471.99999994,383712650854.39996
34,24.457,3911227,34,0,0,0,0,1982217.6107507844,1645240616.923151,15266346261838.78,168394970.1424123,139767825218.2022,1296919121797309.8,8441036.799999999,337641471.99999994,383712650854.39996
34,22.97,3529295,34,0,0,0,0,1882948.8989162673,1562847586.1005018,14501813387338.47,168394970.1424123,139767825218.2022,1296919121797309.8,8441036.799999999,337641471.99999994,383712650854.39996
34,18.452,2872003,34,0,0,0,0,1698581.6280434933,1409822751.2760994,13081881195621.17,168394970.1424123,139767825218.2022,1296919121797309.8,8441036.799999999,337641471.99999994,383712650854.39996
34,26.554,4132189,34,0,0,0,0,2037441.0138726295,1691076041.5142825,15691657584492.137,168394970.1424123,139767825218.2022,1296919121797309.8,8441036.799999999,337641471.99999994,383712650854.39996
34,17.615,2696259,34,0,0,0,0,1645790.6591235492,1366006247.0725458,12675303629838.883,168394970.1424123,139767825218.2022,1296919121797309.8,8441036.799999999,337641471.99999994,383712650854.39996
34,25.105,3833117,34,0,0,0,0,1962324.4083115177,1628729258.8985596,15113135779272.4,168394970.1424123,139767825218.2022,1296919121797309.8,8441036.799999999,337641471.99999994,383712650854.39996
34,19.89,3039259,34,0,0,0,0,1747342.3284356156,1450294132.601561,13457419043796.158,168394970.1424123,139767825218.2022,1296919121797309.8,8441036.799999999,337641471.99999994,383712650854.39996
34,21.082,3246969,34,0,0,0,0,1806065.0931446326,1499034027.310045,13909681224617.36,168394970.1424123,139767825218.2022,1296919121797309.8,8441036.799999999,337641471.99999994,383712650854.39996
34,23.928,3713871,34,0,0,0,0,1931559.5156622378,1603194397.9996574,14876195343800.074,168394970.1424123,139767825218.2022,1296919121797309.8,8441036.799999999,337641471.99999994,383712650854.39996
35,33.388,5104687,35,0,0,0,0,2297601.1150420457,1907008925.4848979,18718275976911.51,248772068.21141955,206480816615.47824,2026715689526113.2,11937428.72305039,477497148.92201555,559280473103.6338
35,23.48,3450521,35,0,0,0,0,1888997.8845738254,1567868244.196275,15389435307881.037,175878766.4472011,145979376151.1769,1432862853035840.8,11937428.72305039,477497148.92201555,559280473103.6338
35,25.197,3698813,35,0,0,0,0,1955782.2591407548,1623299275.0868266,15933519459784.115,175878766.4472011,145979376151.1769,1432862853035840.8,11937428.72305039,477497148.92201555,559280473103.6338
35,27.59,4175713,35,0,0,0,0,2078044.9423445407,1724777302.145969,16929578623798.008,175878766.4472011,145979376151.1769,1432862853035840.8,11937428.72305039,477497148.92201555,559280473103.6338
35,27.57,4255279,35,0,0,0,0,2097749.7611280787,1741132301.7363052,17090111378439.6,248772068.21141955,206480816615.47824,2026715689526113.2,11937428.72305039,477497148.92201555,559280473103.6338
35,27.695,4143549,35,0,0,0,0,2070026.169938162,1718121721.0486743,16864250663293.473,175878766.4472011,145979376151.1769,1432862853035840.8,11937428.72305039,477497148.92201555,559280473103.6338
35,20.38,3161227,34,0,0,0,0,1808076.2385956799,1500703278.0344143,14730176530537.895,175878766.4472011,145979376151.1769,1432862853035840.8,11937428.72305039,477497148.92201555,559280473103.6338
35,24.979,3820079,35,0,0,0,0,1987584.3500450135,1649695010.5373611,16192607214526.02,175878766.4472011,145979376151.1769,1432862853035840.8,11937428.72305039,477497148.92201555,559280473103.6338
35,25.197,3837669,35,0,0,0,0,1992155.179462849,1653488798.9541645,16229845204151.936,175878766.4472011,145979376151.1769,1432862853035840.8,11937428.72305039,477497148.92201555,559280473103.6338
35,25.471,3949717,35,0,0,0,0,2021028.6455092288,1677453775.77266,16465073809468.936,175878766.4472011,145979376151.1769,1432862853035840.8,11937428.72305039,477497148.92201555,559280473103.6338
35,27.212,4035649,35,0,0,0,0,2042895.8475047126,1695603553.4289114,16643223236327.498,175878766.4472011,145979376151.1769,1432862853035840.8,11937428.72305039,477497148.92201555,559280473103.6338
35,34.844,5349541,35,0,0,0,0,2352060.211156706,1952209975.2600658,19161947588947.92,248772068.21141955,206480816615.47824,2026715689526113.2,11937428.72305039,477497148.92201555,559280473103.6338
35,27.334,4144163,35,0,0,0,0,2070179.5364249828,1718249015.2327356,16865500121350.89,175878766.4472011,145979376151.1769,1432862853035840.8,11937428.72305039,477497148.92201555,559280473103.6338
35,32.086,4808367,35,0,0,0,0,2229917.2461934574,1850831314.3405697,18166863754834.062,248772068.21141955,206480816615.47824,2026715689526113.2,11937428.72305039,477497148.92201555,559280473103.6338
35,27.692,4139333,34,0,0,0,0,2068972.7796685954,1717247407.1249342,16855668821280.928,175878766.4472011,145979376151.1769,1432862853035840.8,11937428.72305039,477497148.92201555,559280473103.6338
35,22.283,3403057,35,0,0,0,0,1875960.5838781125,1557047284.6188333,15283222009663.75,175878766.4472011,145979376151.1769,1432862853035840.8,11937428.72305039,477497148.92201555,559280473103.6338
35,18.958,2831363,35,0,0,0,0,1711143.2200686932,1420248872.6570153,13940475054426.795,175878766.4472011,145979376151.1769,1432862853035840.8,11937428.72305039,477497148.92201555,559280473103.6338
35,16.27,2471231,35,0,0,0,0,1598618.5402204336,1326853388.3829598,13023750215713.965,175878766.4472011,145979376151.1769,1432862853035840.8,11937428.72305039,477497148.92201555,559280473103.6338
35,28.22,4333387,35,0,0,0,0,2116915.103142805,1757039535.6085281,17246249081661.848,248772068.21141955,206480816615.47824,2026715689526113.2,11937428.72305039,477497148.92201555,559280473103.6338
35,23.727,3561733,35,0,0,0,0,1919198.5081849315,1592934761.793493,15635476103964.639,175878766.4472011,145979376151.1769,1432862853035840.8,11937428.72305039,477497148.92201555,559280473103.6338
35,49.361,7373591,35,0,0,0,0,2761406.3973390427,2294728716.1887445,22496843788947.1,248772068.21141955,206729588683.68964,2026715938298181.5,11937428.72305039,477497148.92201555,559280473103.6338
35,28.332,4317659,35,0,0,0,0,2113069.9043920306,1753848020.6453853,17214922716553.537,248772068.21141955,206480816615.47824,2026715689526113.2,11937428.72305039,477497148.92201555,559280473103.6338
35,23.281,3478881,35,0,0,0,0,1896744.9759858514,1574298330.0682566,15452549916469.66,175878766.4472011,145979376151.1769,1432862853035840.8,11937428.72305039,477497148.92201555,559280473103.6338
35,34.319,5415257,35,0,0,0,0,2366463.1005341695,1964164373.4433606,19279286171553.613,248772068.21141955,206480816615.47824,2026715689526113.2,11937428.72305039,477497148.92201555,559280473103.6338
35,26.085,3864825,35,0,0,0,0,1999191.2504701775,1659328737.8902473,16287167216247.979,175878766.4472011,145979376151.1769,1432862853035840.8,11937428.72305039,477497148.92201555,559280473103.6338
35,36.514,5546629,35,0,0,0,0,2394996.0976056126,1987846761.0126584,19511741017669.02,248772068.21141955,206480816615.47824,2026715689526113.2,11937428.72305039,477497148.92201555,559280473103.6338
35,32.676,4942381,35,0,0,0,0,2260779.01989316,1876446586.511323,18418290860029.15,248772068.21141955,206480816615.47824,2026715689526113.2,11937428.72305039,477497148.92201555,559280473103.6338
35,22.4,3323613,35,0,0,0,0,1853933.9548646389,1538765182.5376503,15103773750339.719,175878766.4472011,145979376151.1769,1432862853035840.8,11937428.72305039,477497148.92201555,559280473103.6338
35,24.887,3756163,35,0,0,0,0,1970886.292403474,1635835622.6948833,16056570176083.43,175878766.4472011,145979376151.1769,1432862853035840.8,11937428.72305039,477497148.92201555,559280473103.6338
35,23.745,3449411,35,0,0,0,0,1888694.020050814,1567616036.6421754,15386959760683.535,175878766.4472011,145979376151.1769,1432862853035840.8,11937428.72305039,477497148.92201555,559280473103.6338
36,32.909,4857003,36,0,0,0,0,2272958.159326983,1886555272.241396,19556481997769.86,259509780.88348514,215393118133.29266,2232816445506326.8,16882073.599999998,675282943.9999999,813395188121.5999
36,36.718,5313875,36,0,0,0,0,2377459.435243482,1973291331.25209,20455608676727.34,259509780.88348514,215393118133.29266,2232816445506326.8,16882073.599999998,675282943.9999999,813395188121.5999
36,34.207,5029123,36,0,0,0,0,2312881.913741623,1919691988.4055471,19899985102430.824,259509780.88348514,215393118133.29266,2232816445506326.8,16882073.599999998,675282943.9999999,813395188121.5999
36,31.956,4685085,36,0,0,0,0,2232368.639195291,1852865970.5320914,19207250659526.22,259509780.88348514,215393118133.29266,2232816445506326.8,16882073.599999998,675282943.9999999,813395188121.5999
36,36.195,5412089,36,0,0,0,0,2399329.8205777262,1991443751.0795128,20643780990994.703,259509780.88348514,215393118133.29266,2232816445506326.8,16882073.599999998,675282943.9999999,813395188121.5999
36,28.559,4096121,36,0,0,0,0,2087340.277356348,1732492430.2057688,17959429824887.918,183470259.58880877,152280315458.71127,1578574077156399.8,16882073.599999998,675282943.9999999,813395188121.5999
36,41.076,5972453,36,0,0,0,0,2520484.6525759385,2094522746.2906048,21686197020585.67,259509780.88348514,215652627914.17615,2232816705016107.5,16882073.599999998,675282943.9999999,813395188121.5999
36,43.376,6373565,36,0,0,0,0,2603748.4432155075,2163714956.3120866,22402596926708.918,259509780.88348514,215652627914.17615,2232816705016107.5,16882073.599999998,675282943.9999999,813395188121.5999
36,38.418,5669305,36,0,0,0,0,2455684.0723258327,2038217780.030441,21128651733241.875,259509780.88348514,215393118133.29266,2232816445506326.8,16882073.599999998,675282943.9999999,813395188121.5999
36,61.27,9164291,35,0,0,0,0,3122179.6317338147,2594531273.9708,26863167985665.477,367046246.0959385,305015430505.7249,3158058193438287.0,16882073.599999998,675282943.9999999,813395188121.5999
36,43.343,6095759,36,0,0,0,0,2546370.6595228594,2116034018.063496,21908919680750.832,259509780.88348514,215652627914.17615,2232816705016107.5,16882073.599999998,675282943.9999999,813395188121.5999
36,39.796,5788193,36,0,0,0,0,2481299.1468071104,2059478291.8499017,21349043270547.15,259509780.88348514,215393118133.29266,2232816445506326.8,16882073.599999998,675282943.9999999,813395188121.5999
36,37.748,5645873,36,0,0,0,0,2450603.9338809527,2034001265.1211908,21084942333825.17,259509780.88348514,215393118133.29266,2232816445506326.8,16882073.599999998,675282943.9999999,813395188121.5999
36,33.875,4963155,35,0,0,0,0,2297662.4243939533,1907059812.2469811,19769036950912.24,259509780.88348514,215393118133.29266,2232816445506326.8,16882073.599999998,675282943.9999999,813395188121.5999
36,39.698,5842375,36,0,0,0,0,2492885.6503639002,2069095089.8020372,21448733292246.69,259509780.88348514,215393118133.29266,2232816445506326.8,16882073.599999998,675282943.9999999,813395188121.5999
36,31.74,4613973,36,0,0,0,0,2215361.8142590076,1838750305.8349762,19060924311924.586,259509780.88348514,215393118133.29266,2232816445506326.8,16882073.599999998,675282943.9999999,813395188121.5999
36,39.452,5667223,36,0,0,0,0,2455233.1130275032,2037843483.8128276,21124771689360.152,259509780.88348514,215393118133.29266,2232816445506326.8,16882073.599999998,675282943.9999999,813395188121.5999
36,30.263,4425931,36,0,0,0,0,2169748.345796661,1800891127.0112286,18668467032770.863,259509780.88348514,215393118133.29266,2232816445506326.8,16882073.599999998,675282943.9999999,813395188121.5999
36,45.305,6542233,36,0,0,0,0,2637976.1642255806,2192158192.4714575,22697091519497.445,259509780.88348514,215652627914.17615,2232816705016107.5,16882073.599999998,675282943.9999999,813395188121.5999
36,35.328,5302795,36,0,0,0,0,2374979.4887431865,1971232975.6568449,20434271271597.625,259509780.88348514,215393118133.29266,2232816445506326.8,16882073.599999998,675282943.9999999,813395188121.5999
36,43.446,6264249,36,0,0,0,0,2581322.6163023864,2145079094.147283,22209645582890.79,259509780.88348514,215652627914.17615,2232816705016107.5,16882073.599999998,675282943.9999999,813395188121.5999
36,38.515,5735747,36,0,0,0,0,2470032.1115745087,2050126652.6068423,21252101947280.617,259509780.88348514,215393118133.29266,2232816445506326.8,16882073.599999998,675282943.9999999,813395188121.5999
36,52.617,7667591,36,0,0,0,0,2855864.656502572,2373223529.553637,24571799531390.344,259509780.88348514,215652627914.17615,2232816705016107.5,16882073.599999998,675282943.9999999,813395188121.5999
36,32.237,4877239,36,0,0,0,0,2277688.261124915,1890481256.7336795,19597179689577.023,259509780.88348514,215393118133.29266,2232816445506326.8,16882073.599999998,675282943.9999999,813395188121.5999
36,24.35,3586011,36,0,0,0,0,1953045.424804605,1621027702.5878222,16803959868019.477,183470259.58880877,152280315458.71127,1578574077156399.8,16882073.599999998,675282943.9999999,813395188121.5999
36,45.417,6752011,36,0,0,0,0,2679936.4355650917,2227027177.9545913,23058116812936.902,259509780.88348514,215652627914.17615,2232816705016107.5,16882073.599999998,675282943.9999999,813395188121.5999
36,39.5,5771251,36,0,0,0,0,2477665.0794478282,2056462015.9416974,21317775834937.367,259509780.88348514,215393118133.29266,2232816445506326.8,16882073.599999998,675282943.9999999,813395188121.5999
36,28.045,4117011,36,0,0,0,0,2092656.229238789,1736904670.268195,18005168157933.496,183470259.58880877,152280315458.71127,1578574077156399.8,16882073.599999998,675282943.9999999,813395188121.5999
36,34.802,5132453,36,0,0,0,0,2336521.951164244,1939313219.4663227,20103383464334.23,259509780.88348514,215393118133.29266,2232816445506326.8,16882073.599999998,675282943.9999999,813395188121.5999
36,40.202,5828083,36,0,0,0,0,2489834.6251933514,2066562738.9104817,21422482338801.84,259509780.88348514,215393118133.29266,2232816445506326.8,16882073.599999998,675282943.9999999,813395188121.5999
37,46.119,6775753,36,0,0,0,0,2721675.692105218,2261712500.1394362,24695306744588.066,270397690.7287344,224700480995.57828,2453471563472450.0,23874857.44610078,954994297.8440311,1182068067013.8958
37,62.668,9014301,37,0,0,0,0,3139237.0216601742,2608705964.9996047,28484077444914.043,382445827.0292856,317812482261.33636,3470147835420634.0,23874857.44610078,954994297.8440311,1182068067013.8958
37,72.714,10620367,36,0,0,0,0,3407439.0196327143,2831581825.3147855,30917626243051.75,382445827.0292856,317812482261.33636,3470147835420634.0,23874857.44610078,954994297.8440311,1182068067013.8958
37,70.051,10075569,37,0,0,0,0,3318891.406425037,2757998758.739206,30114183541921.805,382445827.0292856,317812482261.33636,3470147835420634.0,23874857.44610078,954994297.8440311,1182068067013.8958
37,47.387,6732175,37,0,0,0,0,2712909.3229647316,2254427647.383692,24615764506845.13,270397690.7287344,224700480995.57828,2453471563472450.0,23874857.44610078,954994297.8440311,1182068067013.8958
37,56.338,8075853,37,0,0,0,0,2971338.3098842357,2469182135.5137997,26960637234401.375,270397690.7287344,224700480995.57828,2453471563472450.0,23874857.44610078,954994297.8440311,1182068067013.8958
37,68.227,9849699,37,0,0,0,0,3281479.511513948,2726909474.068091,29774724206849.08,382445827.0292856,317812482261.33636,3470147835420634.0,23874857.44610078,954994297.8440311,1182068067013.8958
37,66.978,9555521,37,0,0,0,0,3232104.2230230444,2685878609.33215,29326714218582.535,382445827.0292856,317812482261.33636,3470147835420634.0,23874857.44610078,954994297.8440311,1182068067013.8958
37,54.682,7752647,37,0,0,0,0,2911272.348073498,2419267321.249077,26415624705492.203,270397690.7287344,224700480995.57828,2453471563472450.0,23874857.44610078,954994297.8440311,1182068067013.8958
37,41.22,5879705,37,0,0,0,0,2535333.4729650803,2106862116.0339818,23004518134291.344,270397690.7287344,224700480995.57828,2453471563472450.0,23874857.44610078,954994297.8440311,1182068067013.8958
37,71.147,10106767,37,0,0,0,0,3324025.779600038,2762265422.847632,30160770620928.18,382445827.0292856,317812482261.33636,3470147835420634.0,23874857.44610078,954994297.8440311,1182068067013.8958
37,48.747,7086633,37,0,0,0,0,2783412.9534659623,2313016164.3302145,25255483921941.293,270397690.7287344,224700480995.57828,2453471563472450.0,23874857.44610078,954994297.8440311,1182068067013.8958
37,56.104,7831393,37,0,0,0,0,2926020.4498085147,2431522993.790876,26549442594707.695,270397690.7287344,224700480995.57828,2453471563472450.0,23874857.44610078,954994297.8440311,1182068067013.8958
37,43.642,6208547,37,0,0,0,0,2605268.053846267,2164977752.746248,23639074239533.71,270397690.7287344,224700480995.57828,2453471563472450.0,23874857.44610078,954994297.8440311,1182068067013.8958
37,75.581,11125221,37,0,0,0,0,3487487.9906582353,2898102520.2369933,31643955944932.87,382445827.0292856,317812482261.33636,3470147835420634.0,23874857.44610078,954994297.8440311,1182068067013.8958
37,58.22,8561879,37,0,0,0,0,3059444.2205588096,2542398147.284371,27760072118003.137,382445827.0292856,317812482261.33636,3470147835420634.0,23874857.44610078,954994297.8440311,1182068067013.8958
37,38.356,5608541,36,0,0,0,0,2476179.8045304865,2055229237.7603037,22467780884274.47,270397690.7287344,224430083304.84952,2453471293074759.5,23874857.44610078,954994297.8440311,1182068067013.8958
37,63.641,9170107,37,0,0,0,0,3166250.7696086043,2631154389.54475,28729188496845.234,382445827.0292856,317812482261.33636,3470147835420634.0,23874857.44610078,954994297.8440311,1182068067013.8958
37,42.71,5990297,37,0,0,0,0,2559066.2900399393,2126584087.0231895,23219859440118.824,270397690.7287344,224700480995.57828,2453471563472450.0,23874857.44610078,954994297.8440311,1182068067013.8958
37,65.382,9510749,37,0,0,0,0,3224523.3331388067,2679578889.8383484,29257928506298.285,382445827.0292856,317812482261.33636,3470147835420634.0,23874857.44610078,954994297.8440311,1182068067013.8958
37,65.971,9485155,37,0,0,0,0,3220181.6857944303,2675970980.8951716,29218534278228.71,382445827.0292856,317812482261.33636,3470147835420634.0,23874857.44610078,954994297.8440311,1182068067013.8958
37,74.703,10584135,36,0,0,0,0,3401621.676369596,2826747613.063134,30864842189191.844,382445827.0292856,317812482261.33636,3470147835420634.0,23874857.44610078,954994297.8440311,1182068067013.8958
37,65.24,9308411,37,0,0,0,0,3190038.3613753244,2650921878.3028946,28945026804509.22,382445827.0292856,317812482261.33636,3470147835420634.0,23874857.44610078,954994297.8440311,1182068067013.8958
37,47.818,6929987,37,0,0,0,0,2752477.9119177726,2287309144.803669,24974792749806.008,270397690.7287344,224700480995.57828,2453471563472450.0,23874857.44610078,954994297.8440311,1182068067013.8958
37,58.274,8413305,37,0,0,0,0,3032782.6338049904,2520242368.691947,27518156424266.047,382445827.0292856,317812482261.33636,3470147835420634.0,23874857.44610078,954994297.8440311,1182068067013.8958
37,61.063,8787407,37,0,0,0,0,3099476.9409038285,2575665337.8910813,28123311688245.93,382445827.0292856,317812482261.33636,3470147835420634.0,23874857.44610078,954994297.8440311,1182068067013.8958
37,48.299,6795103,37,0,0,0,0,2725559.195792892,2264939691.703893,24730543975492.926,270397690.7287344,224700480995.57828,2453471563472450.0,23874857.44610078,954994297.8440311,1182068067013.8958
37,53.994,7752117,37,0,0,0,0,2911172.832843086,2419184624.0926046,26414721747381.543,270397690.7287344,224700480995.57828,2453471563472450.0,23874857.44610078,954994297.8440311,1182068067013.8958
37,74.028,10587947,37,0,0,0,0,3402234.192278887,2827256613.7837553,30870399893333.363,382445827.0292856,317812482261.33636,3470147835420634.0,23874857.44610078,954994297.8440311,1182068067013.8958
37,71.677,10703751,37,0,0,0,0,3420789.419681381,2842676007.7552276,31038761992370.13,382445827.0292856,317812482261.33636,3470147835420634.0,23874857.44610078,954994297.8440311,1182068067013.8958
38,97.91,13835233,38,0,0,0,0,3941330.9356331197,3275246007.511122,37661951365766.07,398054949.4593907,330783663000.75366,3803670991416980.5,33764147.199999996,1350565887.9999998,1716603007795.1997
38,84.714,11577453,38,0,0,0,0,3605420.639634214,2996104551.5360317,34452112497176.2,398054949.4593907,330783663000.75366,3803670991416980.5,33764147.199999996,1350565887.9999998,1716603007795.1997
38,116.752,16748565,38,0,0,0,0,4336493.4606803395,3603626065.825362,41437983382095.86,398054949.4593907,330783663000.75366,3803670991416980.5,33764147.199999996,1350565887.9999998,1716603007795.1997
38,99.983,14923857,38,0,0,0,0,4093457.6067101276,3401663271.176116,39115619525356.38,398054949.4593907,330783663000.75366,3803670991416980.5,33764147.199999996,1350565887.9999998,1716603007795.1997
38,82.445,12448231,38,0,0,0,0,3738551.308457681,3106736137.328333,35724261640804.48,398054949.4593907,330783663000.75366,3803670991416980.5,33764147.199999996,1350565887.9999998,1716603007795.1997
38,72.185,10665993,38,0,0,0,0,3460588.4861771823,2875749032.0132384,33068148143819.59,398054949.4593907,330783663000.75366,3803670991416980.5,33764147.199999996,1350565887.9999998,1716603007795.1997
38,67.149,9987767,38,0,0,0,0,3348755.3166199173,2782815668.111151,31999510299971.895,398054949.4593907,330783663000.75366,3803670991416980.5,33764147.199999996,1350565887.9999998,1716603007795.1997
38,65.161,9778919,38,0,0,0,0,3313558.235504337,2753566893.704104,31663179558189.37,398054949.4593907,330783663000.75366,3803670991416980.5,33764147.199999996,1350565887.9999998,1716603007795.1997
38,61.033,9220853,38,0,0,0,0,3217619.1843468584,2673841542.1922393,30746420235569.766,398054949.4593907,330783663000.75366,3803670991416980.5,33764147.199999996,1350565887.9999998,1716603007795.1997
38,57.082,8605539,38,0,0,0,0,3108408.0350352125,2583087077.1142616,29702837481127.984,398054949.4593907,330783663000.75366,3803670991416980.5,33764147.199999996,1350565887.9999998,1716603007795.1997
38,69.841,10339731,38,0,0,0,0,3407249.106102076,2831424007.170825,32558456069980.56,398054949.4593907,330783663000.75366,3803670991416980.5,33764147.199999996,1350565887.9999998,1716603007795.1997
38,65.668,9682469,38,0,0,0,0,3297176.7282162094,2739953861.1476703,31506643722742.125,398054949.4593907,330783663000.75366,3803670991416980.5,33764147.199999996,1350565887.9999998,1716603007795.1997
38,65.722,9630881,38,0,0,0,0,3288381.290194124,2732644852.151317,31422597656974.45,398054949.4593907,330783663000.75366,3803670991416980.5,33764147.199999996,1350565887.9999998,1716603007795.1997
38,83.175,12538735,38,0,0,0,0,3752117.2181936675,3118009408.318938,35853892631211.79,398054949.4593907,330783663000.75366,3803670991416980.5,33764147.199999996,1350565887.9999998,1716603007795.1997
38,97.809,14590155,38,0,0,0,0,4047433.1336683603,3363416934.0784073,38675826091706.13,398054949.4593907,330783663000.75366,3803670991416980.5,33764147.199999996,1350565887.9999998,1716603007795.1997
38,71.892,10515577,38,0,0,0,0,3436100.3969547516,2855399429.8693986,32834148705457.895,398054949.4593907,330783663000.75366,3803670991416980.5,33764147.199999996,1350565887.9999998,1716603007795.1997
38,101.616,15168343,38,0,0,0,0,4126851.5579382926,3429413644.6467214,39434720201652.14,398054949.4593907,330783663000.75366,3803670991416980.5,33764147.199999996,1350565887.9999998,1716603007795.1997
38,69.438,10328185,38,0,0,0,0,3405346.1865612636,2829842681.03241,32540272450190.832,398054949.4593907,330783663000.75366,3803670991416980.5,33764147.199999996,1350565887.9999998,1716603007795.1997
38,86.672,13305339,38,0,0,0,0,3865116.471580021,3211911787.8829975,36933673155838.33,398054949.4593907,330783663000.75366,3803670991416980.5,33764147.199999996,1350565887.9999998,1716603007795.1997
38,55.61,7988937,38,0,0,0,0,2994976.0984340743,2488825137.7987156,28618922390168.875,281433753.7742932,233871449386.43762,2689280479217048.0,33764147.199999996,1350565887.9999998,1716603007795.1997
38,93.945,13791931,38,0,0,0,0,3935158.207696316,3270116470.5956383,37602966981265.84,398054949.4593907,330783663000.75366,3803670991416980.5,33764147.199999996,1350565887.9999998,1716603007795.1997
38,98.353,14709699,38,0,0,0,0,4063980.662965624,3377167930.9244337,38833948374202.83,398054949.4593907,330783663000.75366,3803670991416980.5,33764147.199999996,1350565887.9999998,1716603007795.1997
38,94.926,13918901,38,0,0,0,0,3953230.5596726765,3285134595.087994,37775659924922.3,398054949.4593907,330783663000.75366,3803670991416980.5,33764147.199999996,1350565887.9999998,1716603007795.1997
38,85.013,12674425,38,0,0,0,0,3772364.7912453087,3134835141.5248513,36047371210909.695,398054949.4593907,330783663000.75366,3803670991416980.5,33764147.199999996,1350565887.9999998,1716603007795.1997
38,87.32,13115773,38,0,0,0,0,3837483.6715323,3188948931.043341,36669623983491.92,398054949.4593907,330783663000.75366,3803670991416980.5,33764147.199999996,1350565887.9999998,1716603007795.1997
38,104.378,15384965,38,0,0,0,0,4156215.4332178663,3453815025.004047,39715310910920.27,398054949.4593907,330783663000.75366,3803670991416980.5,33764147.199999996,1350565887.9999998,1716603007795.1997
38,86.187,12668019,38,0,0,0,0,3771411.3369277604,3134042820.986969,36038260341834.4,398054949.4593907,330783663000.75366,3803670991416980.5,33764147.199999996,1350565887.9999998,1716603007795.1997
38,108.953,16431819,38,0,0,0,0,4295292.002918983,3569387654.425675,41044276960648.76,398054949.4593907,330783663000.75366,3803670991416980.5,33764147.199999996,1350565887.9999998,1716603007795.1997
38,77.546,11846761,38,0,0,0,0,3647113.4448581045,3030751272.677085,34850514059564.23,398054949.4593907,330783663000.75366,3803670991416980.5,33764147.199999996,1350565887.9999998,1716603007795.1997
38,77.341,12174455,38,0,0,0,0,3697211.203783223,3072382510.3438582,35329230358952.73,398054949.4593907,330783663000.75366,3803670991416980.5,33764147.199999996,1350565887.9999998,1716603007795.1997
39,106.212,16202613,39,0,0,0,0,4320986.612150503,3590739874.697068,43426809896341.27,413870837.39145553,343926665872.29956,4159487587047468.0,47749714.89220156,1909988595.6880622,2491150375641.0474
39,124.538,18903263,39,0,0,0,0,4667227.288768051,3883133104.2550187,46906605035394.98,585351434.1316311,487012393197.5171,5882903666121192.0,47749714.89220156,1909988595.6880622,2491150375641.0474
39,72.599,11455967,38,0,0,0,0,3633338.2484782287,3019304084.485408,36515801498223.63,413870837.39145553,343926665872.29956,4159487587047468.0,47749714.89220156,1909988595.6880622,2491150375641.0474
39,130.762,19613411,39,0,0,0,0,4754087.451928967,3955400760.0049005,47779567742076.12,585351434.1316311,487012393197.5171,5882903666121192.0,47749714.89220156,1909988595.6880622,2491150375641.0474
39,95.743,14658303,39,0,0,0,0,4109908.184854395,3415333701.614002,41305428008780.94,413870837.39145553,343926665872.29956,4159487587047468.0,47749714.89220156,1909988595.6880622,2491150375641.0474
39,84.867,12906023,39,0,0,0,0,3856437.7918578964,3204699805.0339117,38757998090794.77,413870837.39145553,343926665872.29956,4159487587047468.0,47749714.89220156,1909988595.6880622,2491150375641.0474
39,103.999,16052573,39,0,0,0,0,4300933.2978930995,3574075570.5491657,43225269937018.31,413870837.39145553,343926665872.29956,4159487587047468.0,47749714.89220156,1909988595.6880622,2491150375641.0474
39,77.438,11859443,39,0,0,0,0,3696767.5811087373,3072013859.9013605,37153279421032.1,413870837.39145553,343926665872.29956,4159487587047468.0,47749714.89220156,1909988595.6880622,2491150375641.0474
39,117.682,18291789,39,0,0,0,0,4591119.730569085,3819811615.833479,46141708245123.266,585351434.1316311,487012393197.5171,5882903666121192.0,47749714.89220156,1909988595.6880622,2491150375641.0474
39,157.338,24253855,39,0,0,0,0,5286657.824406079,4398499309.905858,53132010760108.57,585351434.1316311,487012393197.5171,5882903666121192.0,47749714.89220156,1909988595.6880622,2491150375641.0474
39,88.188,13463889,39,0,0,0,0,3938904.2909912094,3273229465.813695,39586803477649.89,413870837.39145553,343926665872.29956,4159487587047468.0,47749714.89220156,1909988595.6880622,2491150375641.0474
39,91.341,14183557,39,0,0,0,0,4042805.1600999776,3359571088.0430813,40631028719672.914,413870837.39145553,343926665872.29956,4159487587047468.0,47749714.89220156,1909988595.6880622,2491150375641.0474
39,130.473,20395413,39,0,0,0,0,4847936.185856871,4033482906.632917,48722767038588.22,585351434.1316311,487012393197.5171,5882903666121192.0,47749714.89220156,1909988595.6880622,2491150375641.0474
39,76.688,11840765,39,0,0,0,0,3693855.3084638356,3069593761.3334475,37124010478110.4,413870837.39145553,343926665872.29956,4159487587047468.0,47749714.89220156,1909988595.6880622,2491150375641.0474
39,171.567,26169661,39,0,0,0,0,5491486.652547324,4568916894.9193735,55190583087324.336,585351434.1316311,487012393197.5171,5882903666121192.0,47749714.89220156,1909988595.6880622,2491150375641.0474
39,133.826,20883133,39,0,0,0,0,4905558.892414266,4081424998.4886694,49301887225013.0,585351434.1316311,487012393197.5171,5882903666121192.0,47749714.89220156,1909988595.6880622,2491150375641.0474
39,87.456,13363907,39,0,0,0,0,3924251.9242197527,3261053349.0266147,39439544158556.83,413870837.39145553,343926665872.29956,4159487587047468.0,47749714.89220156,1909988595.6880622,2491150375641.0474
39,90.35,13975999,39,0,0,0,0,4013115.36297069,3334898866.628643,40332640112735.57,413870837.39145553,343926665872.29956,4159487587047468.0,47749714.89220156,1909988595.6880622,2491150375641.0474
39,138.772,21123141,39,0,0,0,0,4933668.068408266,4104811832.915677,49584390290461.3,585351434.1316311,487012393197.5171,5882903666121192.0,47749714.89220156,1909988595.6880622,2491150375641.0474
39,115.97,17743401,39,0,0,0,0,4521774.7847660445,3757594846.140583,45444772594279.195,585351434.1316311,486427041763.3855,5882903080769758.0,47749714.89220156,1909988595.6880622,2491150375641.0474
39,105.281,16422067,39,0,0,0,0,4350150.843330406,3614975350.807567,43719916456695.15,413870837.39145553,343926665872.29956,4159487587047468.0,47749714.89220156,1909988595.6880622,2491150375641.0474
39,98.389,15061965,39,0,0,0,0,4166113.7380899712,3462040516.352766,41870305453347.99,413870837.39145553,343926665872.29956,4159487587047468.0,47749714.89220156,1909988595.6880622,2491150375641.0474
39,116.526,17745721,39,0,0,0,0,4522070.394045263,3757840497.4516134,45447743528726.45,585351434.1316311,486427041763.3855,5882903080769758.0,47749714.89220156,1909988595.6880622,2491150375641.0474
39,133.263,20734007,39,0,0,0,0,4888012.184161,4066826137.221952,49125539157352.35,585351434.1316311,487012393197.5171,5882903666121192.0,47749714.89220156,1909988595.6880622,2491150375641.0474
39,69.823,10705891,39,0,0,0,0,3512378.157914379,2918786249.226849,35300127549318.195,413870837.39145553,343926665872.29956,4159487587047468.0,47749714.89220156,1909988595.6880622,2491150375641.0474
39,108.579,16875943,39,0,0,0,0,4409856.553852841,3664590796.251711,44319971206527.7,585351434.1316311,486427041763.3855,5882903080769758.0,47749714.89220156,1909988595.6880622,2491150375641.0474
39,118.546,18261081,39,0,0,0,0,4587264.338636925,3816603929.745922,46102960754283.54,585351434.1316311,487012393197.5171,5882903666121192.0,47749714.89220156,1909988595.6880622,2491150375641.0474
39,111.036,17131761,38,0,0,0,0,4443154.942669714,3692261757.3585324,44654626906903.76,585351434.1316311,486427041763.3855,5882903080769758.0,47749714.89220156,1909988595.6880622,2491150375641.0474
39,129.888,20147895,39,0,0,0,0,4818429.05890943,4008932977.0126457,48426214275284.02,585351434.1316311,487012393197.5171,5882903666121192.0,47749714.89220156,1909988595.6880622,2491150375641.0474
39,103.337,16141087,39,0,0,0,0,4312774.748449168,3583915815.961259,43344278966287.07,413870837.39145553,343926665872.29956,4159487587047468.0,47749714.89220156,1909988595.6880622,2491150375641.0474
